#
2
63,76,55,18,6,39,51,9,69,20,34,44,28,73,8,4,40,70,52,65,54,50,36,92,7,3,60,64,37,10,45,62,77,85,48,72,24,61,90,12,27,32,14,68,56,
#
4
51,44,37,73,61,
#
5
9,63,24,55,68,72,40,56,54,36,90,69,10,7,62,64,27,39,45,65,6,85,60,32,3,34,12,48,20,77,52,70,76,92,28,50,4,18,14,8,
#
10
32,
#
11
63,3,6,69,7,12,56,90,39,27,34,60,65,62,45,64,48,20,85,10,54,77,36,68,72,40,52,24,70,55,76,92,28,50,4,18,14,9,8,
#
3
16,21,31,46,80,89,59,2,49,79,5,84,83,43,0,86,78,33,42,25,11,75,74,93,30,15,13,26,88,57,41,82,1,17,67,87,29,71,58,53,35,23,94,81,22,91,66,19,47,38,
#
6
13,15,57,17,86,82,49,84,29,
#
12
17,13,57,
#
13
15,49,86,84,82,29,
#
7
2,71,83,79,26,30,78,31,93,53,21,74,25,11,1,88,58,42,0,16,41,59,43,80,46,87,66,35,81,89,33,22,67,91,94,5,75,19,23,47,38,
#
14
16,67,87,5,21,33,80,19,58,26,31,81,22,47,46,66,79,91,59,23,0,89,43,83,25,30,78,35,93,1,94,71,41,53,38,11,88,42,
#
15
74,2,75,
#
30
2,
#
31
74,75,
