#
2
32,74,81,65,26,75,14,63,49,52,90,67,16,10,13,24,27,53,4,12,30,11,23,82,8,21,37,43,0,85,29,93,31,7,76,20,59,58,80,71,88,9,5,57,70,50,94,86,39,64,22,17,48,69,68,
#
4
32,93,11,50,14,57,26,30,76,24,39,
#
8
32,24,
#
9
39,76,26,57,30,50,11,14,93,
#
5
80,52,17,81,69,48,64,74,4,0,53,16,71,27,63,59,86,10,7,8,31,49,13,68,22,75,90,9,37,23,82,94,29,85,88,20,70,5,65,12,21,43,58,67,
#
10
86,43,
#
11
63,10,80,52,22,8,81,17,16,23,37,74,31,27,68,7,4,59,13,21,53,75,49,0,85,69,64,48,65,90,9,94,88,71,82,29,20,70,5,12,58,67,
#
3
87,33,46,62,41,77,66,38,92,40,44,91,19,25,1,18,56,2,83,28,60,73,35,61,54,42,84,15,55,51,3,45,72,47,36,89,78,6,34,79,
#
6
56,66,54,79,33,60,73,34,40,87,19,47,77,6,78,72,41,51,89,83,36,25,55,42,1,2,91,92,44,18,15,35,45,46,3,
#
7
84,28,62,38,61,
#
14
62,
#
15
84,61,38,28,
