#
2
30,69,41,51,31,47,91,57,81,90,65,0,46,9,34,2,56,86,37,17,70,40,27,38,93,85,13,87,14,32,48,67,74,23,
#
4
9,
#
5
93,67,57,48,14,90,31,38,27,56,69,81,30,47,46,91,86,40,85,41,51,17,2,23,65,13,70,37,34,0,32,74,87,
#
3
4,55,11,20,44,66,1,42,6,60,89,12,82,7,16,92,84,24,28,21,35,10,8,19,94,36,39,59,62,63,75,58,15,33,77,5,45,78,54,49,18,72,50,71,25,53,52,83,80,79,64,68,22,26,3,43,61,73,88,29,76,
#
6
53,76,19,63,45,43,64,79,35,52,54,77,62,59,61,71,10,88,8,4,36,7,3,94,33,6,80,49,29,75,20,42,68,73,55,15,5,72,12,82,
#
7
66,1,78,92,89,26,22,16,83,28,18,25,58,24,11,21,50,39,84,60,44,
#
14
1,26,22,18,
#
15
50,16,11,83,21,25,58,24,28,78,92,66,89,84,39,60,44,
#
30
21,92,
#
31
78,24,16,84,60,83,50,39,11,44,28,89,58,25,66,
