#
2
23,12,4,25,85,78,41,52,74,30,65,46,64,38,75,62,39,48,14,80,18,51,91,0,79,94,76,58,3,27,33,29,54,8,26,2,90,15,81,77,42,70,82,73,
#
4
94,41,14,62,15,42,
#
8
41,62,14,
#
9
94,15,42,
#
5
26,74,80,30,3,78,18,77,51,70,4,33,52,46,29,91,39,27,81,64,48,75,38,76,0,73,85,25,58,54,12,65,90,8,82,79,23,2,
#
3
16,72,53,19,88,71,45,49,57,50,34,63,56,61,31,6,55,67,68,5,28,59,35,36,40,24,66,60,69,43,87,86,37,11,10,47,17,22,1,7,84,83,92,32,93,20,21,44,89,13,9,
#
6
16,59,72,71,31,9,89,61,49,86,93,36,55,68,43,69,10,47,44,88,28,6,35,21,84,17,5,19,20,13,24,67,1,7,83,40,63,37,66,11,
#
7
60,34,57,56,50,22,32,92,45,87,53,
#
14
53,45,60,34,87,22,50,
#
15
32,57,56,92,
