#
2
92,57,63,86,87,65,43,10,62,1,68,90,51,70,71,36,24,20,66,44,72,91,81,67,78,17,38,41,61,31,50,74,56,79,53,29,12,3,6,94,85,14,45,64,22,88,89,34,27,0,69,73,26,33,11,48,15,21,
#
4
50,56,12,44,68,10,27,79,48,36,33,94,
#
8
44,10,
#
9
94,79,68,56,48,50,36,12,27,33,
#
5
57,62,21,34,38,73,67,78,64,22,88,41,61,14,45,87,11,29,65,72,6,74,81,3,31,17,85,69,66,20,24,15,63,43,51,86,92,1,70,53,71,26,91,89,0,90,
#
10
91,87,22,11,66,90,43,67,69,73,38,45,51,29,74,26,71,1,86,62,72,81,78,34,85,53,64,89,3,17,92,21,0,20,61,31,24,15,6,88,14,70,57,
#
11
65,63,41,
#
3
25,23,84,39,60,7,40,59,32,49,16,77,2,42,30,47,83,19,80,5,37,9,58,28,76,52,8,18,93,4,55,75,82,13,46,54,35,
#
6
37,46,5,16,77,84,9,13,7,39,93,59,80,19,58,76,60,54,2,42,75,30,83,55,28,35,23,47,8,32,18,52,4,25,
#
7
82,49,40,
#
14
40,
#
15
49,82,
