#
2
72,37,33,13,49,0,67,10,23,32,57,36,22,53,21,39,61,17,65,60,56,71,52,19,91,90,79,55,66,43,35,41,29,6,24,69,11,9,64,14,75,38,86,94,93,15,30,63,58,84,87,40,28,34,70,7,88,78,20,42,50,
#
4
66,75,14,88,57,55,64,
#
5
19,21,87,30,41,58,70,38,78,42,53,15,50,17,13,71,65,84,11,24,37,20,33,36,49,56,7,40,39,67,32,34,28,52,22,61,10,91,35,94,60,90,86,93,79,29,6,43,9,23,63,72,69,0,
#
10
30,78,38,34,41,19,67,53,24,60,0,50,72,11,61,22,15,43,58,37,29,79,91,36,10,23,42,69,90,28,7,52,86,6,93,39,33,65,32,94,49,40,71,
#
11
21,17,13,63,9,84,20,70,87,35,56,
#
22
63,9,13,87,
#
23
70,56,17,20,35,84,21,
#
3
85,77,48,62,54,4,83,1,82,45,46,51,74,81,31,3,2,47,25,27,8,73,26,68,16,18,80,76,5,12,59,92,44,89,
