#
2
20,74,45,55,24,76,29,78,67,3,16,35,85,93,62,50,89,46,91,31,64,90,10,60,88,71,17,41,75,9,34,73,87,56,8,18,81,58,2,0,57,86,66,21,52,42,37,84,72,92,48,6,4,47,63,40,13,
#
4
21,76,37,66,92,9,
#
5
63,67,78,46,18,60,13,2,41,3,0,71,31,8,72,35,29,73,87,10,42,16,58,86,6,81,34,64,62,17,40,24,85,55,57,89,50,45,93,75,56,20,91,88,90,84,4,48,47,74,52,
#
10
57,81,56,84,47,35,50,41,48,64,42,
#
20
47,48,84,56,64,50,
#
21
35,41,81,57,42,
#
11
85,93,46,67,13,4,60,91,62,6,74,2,63,3,20,17,16,75,55,90,73,89,78,10,72,40,31,52,18,87,29,58,24,45,86,34,71,8,0,88,
#
3
7,19,83,43,70,59,5,44,61,68,25,22,80,36,32,49,39,51,30,54,94,14,33,15,12,79,28,77,27,26,11,53,69,23,82,38,1,65,
#
6
22,82,28,
#
12
82,
#
13
22,28,
#
7
44,51,80,70,15,69,36,27,39,54,79,26,30,49,23,5,38,77,59,1,19,14,32,94,12,53,43,33,25,65,68,11,61,83,7,
