#
2
51,58,64,41,0,26,93,76,42,1,82,35,4,54,13,62,38,15,16,27,75,46,47,63,72,73,83,5,23,37,25,71,22,57,68,69,65,61,18,19,17,90,50,40,55,70,77,34,
#
4
16,23,25,69,71,42,40,55,
#
8
71,69,25,
#
9
42,40,23,16,55,
#
5
70,37,65,61,13,83,58,76,57,47,75,0,77,46,15,82,35,19,72,4,54,73,63,5,38,27,22,68,64,62,50,18,34,93,90,26,51,41,17,1,
#
3
66,94,48,8,2,67,36,81,32,33,10,49,79,87,84,52,3,29,11,6,89,12,56,9,86,24,92,43,39,80,59,78,31,30,21,28,45,7,60,53,74,20,88,85,44,14,91,
#
6
12,88,94,66,84,3,59,49,67,30,2,87,9,31,24,79,85,44,8,53,52,60,21,11,6,91,39,43,29,14,78,45,89,7,56,74,81,33,20,
#
7
80,28,86,36,32,10,92,48,
#
14
10,92,36,
#
15
32,28,86,80,48,
