#
2
72,84,83,0,12,57,21,37,28,1,71,59,23,10,91,9,3,87,16,44,88,51,92,38,49,62,33,32,11,39,56,41,29,89,2,8,68,5,73,79,18,85,74,69,6,60,54,75,47,20,
#
4
51,60,92,20,6,1,74,88,44,54,83,79,73,49,91,18,8,72,37,21,0,84,71,87,56,12,41,10,85,89,3,75,23,33,59,47,16,62,32,69,29,
#
8
10,
#
9
60,8,0,1,51,74,69,62,33,72,49,91,54,20,92,32,37,84,23,41,71,6,56,47,79,18,59,89,73,16,85,75,21,29,87,88,12,44,3,83,
#
5
5,11,38,9,68,2,57,28,39,
#
10
57,
#
11
9,11,38,5,28,68,2,39,
#
3
42,43,76,7,13,22,25,58,40,34,30,26,61,55,27,82,94,67,53,63,17,93,86,35,52,45,50,66,15,70,36,90,48,65,46,31,81,4,80,24,14,64,19,77,78,
#
6
82,14,45,35,
#
7
52,67,4,55,53,27,25,15,76,36,58,43,30,13,22,34,86,26,63,61,42,17,93,90,31,65,94,24,40,64,7,50,66,46,70,81,80,78,19,48,77,
#
14
34,93,50,40,43,53,52,58,78,24,65,13,17,64,31,55,42,4,61,94,90,7,30,63,15,81,22,46,25,26,86,36,67,27,48,77,66,80,70,
#
15
76,19,
