#
2
76,24,93,10,7,1,60,40,72,27,3,48,39,75,66,25,13,41,4,77,91,55,57,63,38,45,92,32,18,29,12,19,42,22,34,47,71,36,30,85,94,50,8,16,6,33,
#
4
92,19,60,16,18,22,45,94,
#
8
92,60,16,94,18,
#
9
19,45,22,
#
5
63,4,76,39,3,42,41,48,6,71,75,40,32,1,91,33,47,77,85,57,72,38,12,24,29,66,8,34,50,30,93,10,55,7,27,13,36,25,
#
10
27,
#
11
85,25,71,42,50,13,7,66,10,93,91,41,40,24,63,72,4,77,1,48,32,12,76,3,39,47,6,29,33,38,57,75,30,8,34,55,36,
#
3
35,73,51,70,64,69,80,56,23,54,21,86,59,82,14,53,65,15,67,81,79,49,46,44,26,52,43,9,20,88,2,83,0,11,17,62,37,90,28,87,31,84,58,78,61,5,74,68,89,
#
6
80,65,26,51,5,79,23,58,68,53,61,89,90,83,67,37,11,15,70,52,73,31,69,28,35,46,78,9,64,43,20,81,74,87,82,62,88,17,44,2,54,84,
#
12
2,
#
13
43,20,37,90,54,46,65,23,28,81,67,9,88,80,83,11,62,79,82,17,26,52,44,53,87,69,64,70,84,31,51,15,78,5,58,61,68,35,74,73,89,
#
7
21,59,56,14,49,0,86,
