1.0 5.343996 6.882225051807315 8.733631822088608 10.851024466466244 13.187211140562589 15.695 18.494903380568907 21.69619134420168 25.234808635733614 29.0467 33.13803709034437 37.61944625867294 42.58355429766504 48.122988 54.55656357984721
0.0 1.72278 1.845294427980114 2.1862584839403416 2.705803325910512 3.3640601119204554 4.12116 5.269468477222061 7.062869114134541 9.40377019397975 12.19458 15.80619442586967 20.747510205463914 27.127936882326196 35.056884 46.437739618093396
1.0 9.271 13.722272434199441 19.092533757287768 25.1923 33.15301717762015 42.22220721339417 49.3845 53.15927716820251 57.3269 67.58405883115054 83.37373847112038 100.19148 115.3831793824407 135.15377999999998 175.47516997449176
1.0 12.755328 18.14911781305741 24.178219816591003 30.7987 38.09166005417676 46.091085541324915 54.682368257810616 63.7509 72.79349328345734 82.12712056872299 92.86741356962713 106.130004 125.88007707108966 151.43821655347887 176.953152
1.0 3.823896 6.495630848799731 8.996107855553078 11.30165014715491 13.388580850500094 15.233223092483504 16.8119 17.986555695870457 18.829010028513764 19.630399713221845 20.681861465286616 22.274532 26.37960855670869 34.143379792764065 44.6196195504651
0.0 2.824008 3.384530162648089 4.506700487944264 6.060016531916396 7.913975850592353 9.938076 12.279396789135866 15.30216935424619 19.20161824223342 24.172968 32.07932559437921 43.96245021005416 58.78554472070202 75.51181199999999 94.4628443849186
1.0 4.364376 5.99466497009332 8.005543753582186 10.32951966027996 12.8991 16.223567039610224 20.28314377945831 24.216748629577243 27.1633 28.819212582397853 30.095304653294146 31.9521 36.31051138963008 42.64459639233946 48.244596
0.0 4.0265759999999995 6.866623246988452 9.512387044908504 11.930125606464918 14.08609714436246 15.946559871305897 17.477771999999998 18.55207725403698 19.271825721545717 19.948285162035965 20.892723335017475 22.416408 33.387526210527234 59.51504603459814 96.37140675340544
1.0 5.972304 8.554662236957046 11.647194721898911 15.185693097749866 19.105949007434184 23.34375409387614 27.8349 32.71209077791023 38.170091777403144 44.237786587940974 50.94405879898587 58.317792 66.61066902943801 76.03811017733067 86.57460521050433
0.0 1.661976 2.292213550099112 3.3319926502973356 4.693743775446003 6.289897400396448 8.032884 10.12828774601835 12.784884077501719 15.919890370234228 19.450523999999998 23.691427260288947 28.819655832614302 34.54604717479518 40.58143874465071 46.636668
1.0 12.5706 16.009065393483713 19.693297453634084 23.6009 27.620986560261475 31.90923596764074 36.8431 42.94353536861204 50.1656 58.00099289814149 66.8444539320462 77.579148 91.89893330739532 110.4606 134.5620269687994
0.0 15.788772 19.585448635502726 26.66963352800727 36.07772065650818 46.846104 60.15456252138978 77.75118327972062 99.52482239819116 125.364336 159.640246224502 205.29130385930785 260.05870799999997 326.51759160676437 410.0779127076425 512.733108
0.0 5.9452799999999995 6.745971746058559 9.012692254054054 12.542409428716216 17.13209117477477 22.57870539695946 28.67922 37.83872143222636 52.04531490262498 70.47049645691044 92.28576214079726 116.66260799999999 147.2468767256252 187.061497742357 234.34359719627616
1.0 1.5741479999999999 1.9442312590140554 2.850250453087401 4.187066253221353 5.849539330417226 7.732530355676338 9.7309 12.125963608806654 15.2366438133923 19.014212213574623 23.4099404091713 28.3751 34.58934972537813 42.49243275007365 51.67574731208011
0.0 7.114068 8.05513258315793 10.70825646947379 14.818334864210684 20.13026297263172 26.388936 37.30967877670379 55.63004018261385 79.62825149721698 107.582544 143.87165540348943 192.67048255260318 251.9514954254154 319.687164 400.08287024402927
0.0 1.8646559999999999 2.533295709817562 3.621515726180165 5.016983879452685 6.607368 8.440562437433785 10.75022945218376 13.702688740841852 17.46426 23.41410419415982 32.23361829280486 43.042476 56.77390378593121 74.63692396331231 96.16490399999999
1.0 3.8325 4.9648811930669225 6.288128592274357 7.78244623532461 9.428038159919993 11.205108403762814 13.093861004555379 15.0745 17.072973000719546 19.132977595185093 21.41134278787128 24.06489758325274 27.250470985804107 31.124892 37.834771939541604
1.0 0.94584 1.5811346660852394 2.2755184750276207 3.026688 3.8058502471847007 4.6258020851142065 5.54662488048661 6.6284 7.7959923562096405 9.133359546075793 10.93922196290405 13.5123 20.660957285155405 32.6871830292008 44.630136
1.0 4.93188 6.214201422876509 7.966207127670693 10.090654268629532 12.4903 15.230151017312945 18.475520158348488 22.279623790727566 26.695678282071093 31.7769 38.37447276338739 46.887098145647855 56.68926914621463 67.15547876452094 77.66022
0.0 10.802844 12.70421217399079 17.96638055677053 25.926444939550265 35.921501113541055 47.288644869953956 59.364972 73.97763803207383 93.23509911950188 116.89640199089303 144.72059337485615 176.46672 215.75848673142096 265.90990456793804 326.2154794387447
1.0 11.2566 15.738155337931651 20.28549506926007 24.895829297558176 29.566368126398917 34.29432165935522 39.0769 43.55410269343481 47.734392425488366 52.167674010824534 57.40385226410714 63.992832 73.3414524042855 86.04886335435337 101.45343570227847
0.0 5.492628 6.811051671196772 8.851616675726875 11.356836 14.736233101517412 19.095258549958466 23.720316 28.035545139854687 33.597588 42.977387728249596 56.677286494511186 74.07954 99.52683696497765 133.613412 173.0183802248814
1.0 8.6213 10.639487730739372 13.884886572589853 17.8996 23.828453305617032 31.442414247896615 38.2228 42.842973581349014 47.734700000000004 54.44915969323977 63.02431168247531 74.30924399999999 92.55053487121342 117.493596 147.84247079731637
0.0 2.756448 3.166007982562454 4.312929067687362 6.074572961531041 8.328301370249816 10.951476 15.091649562013226 21.78037752305061 30.721025722562693 41.61696 57.210268737067594 79.88124036929679 108.79054081687761 143.098836 187.4963777045138
1.0 7.738 11.652185181775994 15.7695110059256 20.075541436135808 24.555840436093614 29.195971969486017 33.9815 38.72270955234197 43.463389936661365 48.53936154480979 54.286444768638816 61.040459999999996 69.22867648633564 79.07100462011353 90.59222651072362
0.0 5.13456 6.180461467862902 7.735025580967741 9.673289903588708 11.870292 14.370306590954806 17.436269737814968 21.271211015767644 26.07816 33.46595740373566 43.93391123251491 56.020752 69.24243969889555 85.12404045908526 105.217944
0.0 4.6683959999999995 5.747803749886799 7.785810166364797 10.499656499660398 13.606584 17.33675406914608 22.241799017119142 28.521166456532633 36.374304 48.31642206818197 65.64814471434251 86.74704 113.06620891947502 146.97429053278643 188.22216
0.0 4.76298 5.322056563841373 6.354909336910328 7.723427441524119 9.2895 11.163986169427183 13.616845958959809 16.748619769012528 20.659848 26.590837795870335 35.158589652900844 45.528684 58.14579035404293 74.30980488468386 94.469148
1.0 3.067224 3.4731382944180473 4.577907043254141 6.212069044881211 8.206163097672189 10.390728 13.195198532724437 17.073770827377956 21.8941257083425 27.523944 34.61824242340796 43.77166752395661 54.761344862526954 67.3644 83.61718558055838
1.0 5.9182559999999995 7.981252728761038 10.478664852949775 13.344193012757996 16.51153784837748 19.9144 23.764019290174122 28.199930417443028 33.04827633599042 38.1352 43.19145465527285 48.443239225925694 54.45986518361569 61.810643999999996 71.5626503329783
0.0 12.390504 14.37395095827364 19.927340933142318 28.455247574677657 39.362244532951294 52.05290545803487 65.931804 84.18174418371206 110.10576451062039 143.28879034567268 183.31574705381666 229.77156 294.25572776713045 384.0689373171686 492.3478965836415
1.0 8.8914 11.329110362407796 14.444098502593365 18.0675 22.580101081258842 27.938844360852173 33.3391 38.265293759947255 43.7562 50.84481329081416 59.224176693044264 68.411256 78.03289480895828 90.064236 107.87991918576847
0.0 4.499496 5.245874016778779 7.327646187025427 10.508769690605407 14.553201707384183 19.224899417227228 24.28782 30.65502953715259 39.411214516426405 50.577762727123925 64.17606195854763 80.22749999999999 102.42123883821769 133.66407982317207 172.80386978901754
0.0 4.722444 5.161062301158302 6.319972803088804 7.963758903474904 9.857004 12.426344739406098 16.091000911260533 20.604430627484703 25.720092 31.79625960345458 39.498632159374935 49.041804 61.47221678656848 77.77140095509887 98.056584
1.0 15.5563 19.04164988573592 23.324732990541087 28.279981152478292 33.78182620961034 39.7047 46.362714895986656 54.04879928625833 62.60560903340084 71.8758 82.23955451893814 93.88027818664561 106.3454617610303 119.182596 133.28986396500616
0.0 16.748124 24.2260083663542 32.57103109906259 41.67931004859387 51.44696306541678 61.770108 71.67510592409931 81.81546328731187 94.52801600686851 112.14959999999999 146.09744558425936 202.0208942890291 273.60494884928426 354.534612 450.7646919449616
0.0 4.42518 4.489019720194474 4.680647465125105 5.0002261113127044 5.447918535278079 6.023887613542044 6.728296222625407 7.561307239048981 8.523083539333573 9.613788 11.938768990939966 16.375101476142298 22.580538223273482 30.212832 42.122369993020115
0.0 10.093463999999999 14.131468184089117 19.793332552267348 26.771632028401015 34.75894153635646 43.447836 52.67954036105371 63.48049238003353 77.32108620899659 95.671716 128.25293001410233 179.76174121489692 244.13324080824304 315.30252 398.60706027226655
0.0 5.60748 6.7058192231797715 8.83632511302621 11.546004 15.233287939605372 20.40573221541672 26.774027999999998 35.17544218949661 46.663692 61.95085143700694 82.04686653723286 107.43391199999999 145.09355339779307 193.235112 245.20050686754888
0.0 3.85092 5.352398403967092 7.55619091057891 10.292215961901274 13.390392 16.95552537815991 21.330639662917577 26.702979116216454 33.259788 42.095670377130844 54.28215918559032 69.971892 92.542111464146 123.88849225567512 161.94132
1.0 8.7089 10.73185859293948 13.825125778818435 17.77060366822765 22.35019437175791 27.3458 33.3169700096755 40.76783123167307 49.3971518378341 58.9037 69.5279922606142 81.75323703085574 95.64224028566942 111.257808 129.52557331396272
0.0 8.24232 11.370215913183891 15.076224768490373 19.270249239551674 23.862192 28.505610705422644 33.5162024181078 39.79707892173906 48.251352 63.50090439030811 87.04481102941378 115.101972 147.40917342373325 188.16863518265254 240.297408
0.0 14.194355999999999 16.662565476275592 22.129418436734923 29.646647178826782 38.265983999999996 49.826594521108014 65.82268509642454 84.7885491235288 105.25847999999999 126.38637053467191 151.32966144688976 184.627968 237.06501761212874 312.89724891669835 406.873344
0.0 10.073196 11.155183641485184 14.05015337729383 18.23161542445556 23.17308 30.6472503831041 41.9594727761986 55.882221781193806 71.187972 88.13059474955855 108.94533503710699 135.37672799999999 172.09746933573277 221.73101399612096 282.948036
0.0 11.289276 14.956694146611184 21.847886439833555 31.230560859750327 42.37242538644473 54.541188 68.77241026050058 87.03982971098816 110.01841830598164 138.383148 179.10118957278863 236.2273602990659 306.0681018758102 384.929856 476.7345948632188
1.0 8.134224 12.242010992610652 16.47338381362841 20.82342072783196 25.2872 29.737430407157763 34.2274795463442 39.02341391235852 44.3913 50.03809515886256 55.80034746828716 62.138509517693464 69.51303389650123 78.38437319413018 89.21298
1.0 1.3724 1.6443482119330428 2.37732856515478 3.447044635799128 4.7292 6.780687122664401 9.92981233220184 13.7094 18.400424190272656 24.292070820002657 30.929482039731333 37.8578 44.8478388601254 52.279512912948626 60.61161450929755
1.0 10.7967 15.600277066342759 20.091671194115015 24.225741467341813 27.957346970048206 31.241346786259257 34.0326 36.13307720380291 37.679705842791954 39.129780279879576 40.94059487797812 43.569444 48.51817307067641 56.53624468608401 66.95237896615342
1.0 9.5776 14.537235384436697 19.184898975651972 23.479939003230882 27.38170369675848 30.84954128581984 33.8428 36.11761165520138 37.79728662168263 39.3919409605632 41.41169073296251 44.366652 50.86806735950896 62.01111827685119 76.03182911443895
0.0 5.904744 7.0485584297950306 10.156365689385083 14.742711734077627 20.322142519180115 26.409204 33.82843109090909 43.90508076197652 56.90478205205568 73.093164 96.73753484390733 130.98215329392485 174.40807409697993 225.596352 291.11496801051675
1.0 9.2783 13.546932803643779 18.04850347638341 22.767622410931335 27.6889 32.3048673015437 36.81887975688335 42.28178433378133 49.744428 64.24836339247669 85.75854176264241 107.710908 127.69573677706678 148.15419102027496 169.79854799999998
0.0 9.857004 11.532441980744505 16.215741271715743 23.392379896020312 32.547835876764815 43.16758723705585 54.737111999999996 69.55329955929635 90.24732475152152 116.80609376409853 149.21651278445037 187.465488 242.8205718628662 322.45688561785096 420.2226886414027
1.0 12.4392 16.918530222133704 21.057409759023205 24.794509416401105 28.0685 31.266780560049213 34.396505178177634 36.825977207217235 37.9235 38.062399320522516 38.134588446201704 38.286252 47.26865827354769 67.43955723008739 89.354856
0.0 13.356612 15.987360276152216 21.28878623640591 28.447797078456652 36.6513 46.99936446315004 60.9321735412119 78.14680484866783 98.340336 123.98790745480525 157.83803694643422 199.99786799999998 255.786955049724 329.55618853751116 419.959716
0.0 5.458848 6.372287765195896 8.932394181960204 12.86884793205784 17.911329697253734 23.789520159312815 30.2331 38.53097435762416 50.260542004164996 65.58422407189376 84.6644416930817 107.663616 143.1114289195065 196.99132808587055 265.6463831924815
1.0 6.1174 8.927683323170966 11.927549969512892 15.09907495426934 18.424333292683862 21.8854 25.29477752063715 28.771727491517595 32.75846371663924 37.6972 44.54855612055538 53.532350741001395 63.97959599094671 75.221304 87.14279658429426
1.0 5.87772 7.912059600941138 10.581634757437829 13.7167 17.799955919169047 22.68819286338372 27.2728 30.975765783621583 34.7407 38.78935264845853 43.287622971950775 49.325556 59.454520300823376 73.870104 93.52238633702686
0.0 1.547124 2.4951880000000006 3.573868 4.76298 5.998407695528638 7.384635391057275 9.15438 11.781179120050485 15.3699 19.642479682708604 25.127036105471074 32.712552 47.4418444137931 66.870888 84.86560698939024
1.0 6.1174 7.8215124587437375 9.788960556649966 11.982878376231213 14.3664 16.89737314623635 19.67177283659687 22.859924108658955 26.632151999999998 31.36807919504928 37.20372668894024 43.94401698530656 51.39387258778193 59.358216 67.78509733898508
0.0 12.951252 13.845763459574666 16.3337505373056 20.1218922817032 24.916867741277866 30.42535596454 36.354036 43.523517394573375 53.11218671444524 65.3633885370304 80.52046743974373 98.826768 126.1772483290791 166.84672004943806 218.6483080052574
1.0 11.2201 12.00934911640304 13.882056542186692 16.626893810394584 20.03253245407035 23.887644006257613 27.980900000000002 33.155894059498465 40.053655867853976 48.159011046460265 56.95678521671104 65.931804 75.40826777833358 85.83741209867358 96.89461532984679
0.0 4.465716 5.104420213069306 6.806243234851484 9.249750639207921 12.113508 16.28421552046347 22.47449119093889 30.10177726594486 38.583515999999996 48.01383098538194 59.79554120515103 75.309132 101.13574639585879 136.982693549971 173.91970799999999
1.0 3.290172 5.038757547650989 6.958733627069302 9.032385892952965 11.242 13.450256403370481 15.742293496459887 18.43408384131935 21.8416 27.030683320327082 34.07932002758196 41.8217 49.53617084060739 58.2013224160516 69.201708
1.0 4.01982 5.114927728313962 7.174914791210737 10.022253369259026 13.479415643027533 17.36887379308496 21.5131 26.42848567392733 32.65353186714187 40.04387522339275 48.45515238642909 57.743 68.454249267723 81.17661245906352 95.82704781654255
1.0 9.2272 13.625494865970296 17.941101264577554 22.175290230199664 26.329332797214512 30.4045 34.000760814204135 37.24743397241426 40.93981514441725 45.8732 53.80546535072198 65.12315368129038 78.56455917121359 92.867976 107.50386188416412
0.0 1.65522 1.747681045279283 1.9991817874114215 2.3708986358378494 2.824008 3.555869091316804 4.743343232515501 6.31686 8.55799250358048 11.83294240345257 16.199082101598375 21.713784 30.203299808221757 43.17232468940112 60.19589622587993
0.0 4.83054 5.716399519299545 7.188384 9.338322468005913 12.368286587477275 16.065768 20.938319681623497 27.161146070195635 34.023216 41.17529460591477 49.210481670597304 58.831248 71.35091380199529 86.73645367260376 103.67081999999999
1.0 7.4606 8.131479729203841 9.980151187611517 12.760662781417278 16.22706291681536 20.1334 26.1249932726183 35.08338536783946 45.6169597791409 56.3341 66.83815887528417 78.02398237729403 90.43719369065688 104.62341599999999 121.7712452006271
0.0 3.999552 5.119700720109941 6.800597440219882 8.85036 11.278997598026848 14.46026535638351 18.7479 26.686932503086123 36.462132 43.5262343715466 50.42725919939636 61.621476 99.05091512460112 151.996488 194.8550708404749
0.0 13.998432 18.19433298738438 24.782608641435424 32.894964 43.33163261129245 57.028970851404694 73.322868 93.5555540573604 119.824416 152.48014450169046 193.7246609145255 246.803436 329.0265055285001 436.613256 555.9008567548083
0.0 4.83054 5.997915498980663 7.664011830615098 9.712157246941985 12.02568 14.56034435178283 17.590166099317738 21.47585079719378 26.578104 35.537293924207 49.20743808832443 65.269716 84.10022794516746 107.1669928094434 133.789068
1.0 10.5777 14.249122777908065 18.588177407754845 23.491793333724203 28.8569 34.93097557796316 41.86057302341145 49.391233957154014 57.2685 65.43749125487132 74.26575375129767 84.132468 94.97498139242025 107.29330703256448 122.310624
1.0 2.270016 2.7134840659190784 3.3300659577572347 4.088386616635852 4.957070983676312 5.904744 6.947246893717384 8.157788135545234 9.591043530514394 11.301688883655702 13.3444 16.031292065256807 19.60189176488035 24.00199215351853 29.177386285819264
1.0 5.9933 7.867254532975379 10.12639394794546 12.721548223521596 15.603547338315156 18.723221270937504 22.0314 25.520069828620297 29.338379821677236 33.67290410042404 38.710216786113904 44.636891999999996 52.78181806161579 63.58143324276501 75.88363659310635
1.0 11.2566 15.903755554162956 20.539518977767877 25.16384791248886 29.7767 34.47104618432454 39.21599028040119 43.82568923627724 48.1143 51.39657812053917 54.4262222519704 59.175804 72.85935565517511 96.27771369375179 121.783656
1.0 9.9718 14.612587731538271 18.664992284102063 21.69595069461482 23.2724 23.770854304229147 24.028171046148508 24.301802264993615 24.8492 28.170644992794113 34.835475981477856 42.204732 49.2848818697459 57.38427782076448 67.316784
0.0 15.734724 21.638818844091972 27.7134165322759 33.94710479841385 40.32847137636786 46.846104 52.70979674719232 58.21909043475433 64.99719290493917 74.667312 94.73862855685293 128.52721513002462 171.36661713818398 218.59037999999998 271.3639671791294
0.0 15.363144 18.826046472887086 24.792911594365556 32.56443291866125 41.441304 52.05766015028316 65.75613725615288 82.90017973394615 103.85323199999999 133.57854671415376 174.8480818956654 224.73834 285.6478541685509 363.32569341427876 459.874164
1.0 13.3809 18.600282615676388 24.072614513695815 29.777145103877054 35.693123796038854 41.7998 47.7769545284595 53.79703731275826 60.5783014406779 68.839 80.14109443227737 94.60279168178913 110.77671309040633 127.21548 144.23302586695203
0.0 5.330484 6.649268688416167 8.83007166910978 11.639192815248503 14.842932 18.586679740071425 23.341306145076686 29.361330477543603 36.901272 48.32061673302636 64.76005755163467 84.645924 108.87048237217371 139.8576817812571 178.331376
0.0 12.417527999999999 14.779201793375972 18.16478492008527 22.247508 27.411544692738342 33.92626009893792 41.292671999999996 49.211551897547594 59.804111999999996 77.05129944373253 101.63732345272949 131.748756 172.22582649535985 224.26542 283.45901817924954
0.0 12.174312 14.617025751479293 18.924395502958582 24.335112 31.578754100396726 41.448361455231314 53.277816 68.79656323855635 87.605052 105.72269140013297 125.80704424648205 153.955728 209.78625089489253 285.184272 358.54340386221156
0.0 13.768728 17.312163805769107 22.561114278204876 28.942704 36.85894590595913 47.05357789589224 59.466312 75.56832078914192 97.293156 126.06429760397602 163.8178405314891 211.955988 285.1556776266513 379.187256 478.4775499621726
0.0 5.316972 7.335882614530776 10.325775638748738 14.049079843592331 18.268224 23.148935037434747 29.163906710656807 36.536018028550465 45.488148 59.374841215375895 77.66647022995917 94.75965599999999 107.2033341881455 118.68503695416682 134.30928
1.0 5.398044 10.136272973470758 14.589453854500364 18.725036820378453 22.51047204839466 25.913209715838637 28.9007 31.217929648375975 32.96363312318797 34.63588217381199 36.73274854962401 39.752304 45.53031264840559 54.991927820276764 67.26930506794515
1.0 1.4381 1.670256311928744 2.293720831809984 3.1989869357862313 4.276548 6.066942662904655 8.721877990444842 11.5486 14.231190326481574 17.032743514261742 20.129024944911038 23.695800000000002 27.800365371612447 32.546619329800876 38.16522962308886
1.0 10.1105 13.553137250712993 17.79803222046339 22.738225444759237 28.266757459108593 34.276668799019504 40.661 47.73355391220857 55.818774244604114 64.82566282089536 74.66322146479109 85.240452 97.38584672273153 111.39164574167242 126.3624725992476
1.0 1.661976 2.211050208168571 2.900156060078821 3.710058760473919 4.621523514097035 5.61531552569134 6.6722 7.797608203880838 9.049885682946234 10.489169060071214 12.175594958130798 14.1693 16.708817693876195 19.968710495949754 23.913158451085216
1.0 4.18872 7.483761281390729 11.068750039844277 14.917467283146307 19.00369401908249 23.301211255438503 27.7838 32.52868956005862 37.61541087866449 43.021197417241055 48.72328263721175 54.6989 60.999182532921246 67.6840134531579 74.74375150693395
1.0 9.2053 12.73894127272695 16.686070375756547 21.004349054543713 25.651439054543392 30.585002121210515 35.7627 41.034375241742396 46.52845388522438 52.62047290783518 59.68596928696399 68.10048 79.62534769913415 94.82120157045917 112.26250839221714
1.0 13.14 18.280271764595465 22.947115293786393 27.033802940679585 30.433607058381853 33.0398 34.93836694444446 36.43861704724019 37.76880862641583 39.1572 40.51680584208276 41.7757182020894 43.18481146105134 44.99496 47.77904592163518
1.0 8.5921 12.26428192584964 15.900151802265706 19.49914577754892 23.0607 26.25972214111756 29.20582931417822 32.550521830149776 36.9453 43.462432224258635 52.630025937109146 64.28334 80.72637583548634 103.09793932093231 129.48549599999998
0.0 0.749916 0.9017943904502987 1.3114390412007966 1.9098641713508961 2.628084 3.729831453935443 5.4541642961386145 7.695084 10.978193225016145 15.644196640889067 21.309748736317452 27.591504 34.3213213307154 42.14902553786522 51.91821997608243
1.0 12.848 16.685947644641196 20.84470150527606 25.295912626516984 30.011232052976354 34.96231082926657 40.1208 45.15913899891329 50.16331965734885 55.725321616327776 62.43712451687113 70.890708 84.40340793962181 104.20893303315103 127.77382215686933
0.0 7.586988 9.92483100967381 13.382940525796828 17.68758677902143 22.56504 28.291877176379117 35.384194355271305 43.92754035652784 54.007464 67.11654661257357 84.1098660665713 104.116716 128.43090687124445 157.9949059297246 191.410992
