0.0 2.756448 3.166007982562454 4.312929067687362 6.074572961531041 8.328301370249816 10.951476 15.091649562013226 21.78037752305061 30.721025722562693 41.61696 57.210268737067594 79.88124036929679 108.79054081687761 143.098836 187.4963777045138
1.0 5.5737 9.046742991188005 12.572828973564006 16.14905346034601 19.77251196475201 23.4403 26.824759652836516 30.044307769155736 33.76515200089708 38.6535 46.522927731489446 57.71918451720834 70.70673804432306 83.950056 96.98305845493398
1.0 12.848 16.685947644641196 20.84470150527606 25.295912626516984 30.011232052976354 34.96231082926657 40.1208 45.15913899891329 50.16331965734885 55.725321616327776 62.43712451687113 70.890708 84.40340793962181 104.20893303315103 127.77382215686933
1.0 8.134224 12.242010992610652 16.47338381362841 20.82342072783196 25.2872 29.737430407157763 34.2274795463442 39.02341391235852 44.3913 50.03809515886256 55.80034746828716 62.138509517693464 69.51303389650123 78.38437319413018 89.21298
1.0 2.93886 4.1049790613970645 5.617915900571904 7.3876 9.720383569234471 12.490055433771241 14.9577 16.71712714331408 18.09317728689665 19.443480658822185 21.125667487165146 23.497367999999998 28.010589858311377 34.732596 43.55739066194657
1.0 10.7967 15.600277066342759 20.091671194115015 24.225741467341813 27.957346970048206 31.241346786259257 34.0326 36.13307720380291 37.679705842791954 39.129780279879576 40.94059487797812 43.569444 48.51817307067641 56.53624468608401 66.95237896615342
0.0 5.60748 6.7058192231797715 8.83632511302621 11.546004 15.233287939605372 20.40573221541672 26.774027999999998 35.17544218949661 46.663692 61.95085143700694 82.04686653723286 107.43391199999999 145.09355339779307 193.235112 245.20050686754888
0.0 11.289276 14.956694146611184 21.847886439833555 31.230560859750327 42.37242538644473 54.541188 68.77241026050058 87.03982971098816 110.01841830598164 138.383148 179.10118957278863 236.2273602990659 306.0681018758102 384.929856 476.7345948632188
1.0 9.9718 14.612587731538271 18.664992284102063 21.69595069461482 23.2724 23.770854304229147 24.028171046148508 24.301802264993615 24.8492 28.170644992794113 34.835475981477856 42.204732 49.2848818697459 57.38427782076448 67.316784
0.0 15.788772 19.585448635502726 26.66963352800727 36.07772065650818 46.846104 60.15456252138978 77.75118327972062 99.52482239819116 125.364336 159.640246224502 205.29130385930785 260.05870799999997 326.51759160676437 410.0779127076425 512.733108
0.0 5.904744 7.0485584297950306 10.156365689385083 14.742711734077627 20.322142519180115 26.409204 33.82843109090909 43.90508076197652 56.90478205205568 73.093164 96.73753484390733 130.98215329392485 174.40807409697993 225.596352 291.11496801051675
0.0 4.465716 5.104420213069306 6.806243234851484 9.249750639207921 12.113508 16.28421552046347 22.47449119093889 30.10177726594486 38.583515999999996 48.01383098538194 59.79554120515103 75.309132 101.13574639585879 136.982693549971 173.91970799999999
1.0 3.823896 6.495630848799731 8.996107855553078 11.30165014715491 13.388580850500094 15.233223092483504 16.8119 17.986555695870457 18.829010028513764 19.630399713221845 20.681861465286616 22.274532 26.37960855670869 34.143379792764065 44.6196195504651
0.0 10.802844 12.70421217399079 17.96638055677053 25.926444939550265 35.921501113541055 47.288644869953956 59.364972 73.97763803207383 93.23509911950188 116.89640199089303 144.72059337485615 176.46672 215.75848673142096 265.90990456793804 326.2154794387447
1.0 8.5921 12.26428192584964 15.900151802265706 19.49914577754892 23.0607 26.25972214111756 29.20582931417822 32.550521830149776 36.9453 43.462432224258635 52.630025937109146 64.28334 80.72637583548634 103.09793932093231 129.48549599999998
0.0 1.8646559999999999 2.546995599060898 4.052816531455129 5.992572 9.022229294072881 13.264914718661784 17.53182 20.919516601059517 25.362023999999998 34.94872009252781 50.68951793113169 71.032584 102.0958051402969 144.395988 193.17003262408423
1.0 5.343996 6.882225051807315 8.733631822088608 10.851024466466244 13.187211140562589 15.695 18.494903380568907 21.69619134420168 25.234808635733614 29.0467 33.13803709034437 37.61944625867294 42.58355429766504 48.122988 54.55656357984721
1.0 1.5741479999999999 1.9442312590140554 2.850250453087401 4.187066253221353 5.849539330417226 7.732530355676338 9.7309 12.125963608806654 15.2366438133923 19.014212213574623 23.4099404091713 28.3751 34.58934972537813 42.49243275007365 51.67574731208011
1.0 13.14 18.280271764595465 22.947115293786393 27.033802940679585 30.433607058381853 33.0398 34.93836694444446 36.43861704724019 37.76880862641583 39.1572 40.51680584208276 41.7757182020894 43.18481146105134 44.99496 47.77904592163518
0.0 15.734724 21.638818844091972 27.7134165322759 33.94710479841385 40.32847137636786 46.846104 52.70979674719232 58.21909043475433 64.99719290493917 74.667312 94.73862855685293 128.52721513002462 171.36661713818398 218.59037999999998 271.3639671791294
1.0 13.8919 17.418866949436694 20.556907698497856 23.154694598310087 25.0609 26.20976056931681 26.95948108184054 27.794686053443996 29.2 33.12910359275991 40.199861003748794 48.893172 59.758548402706786 74.15857744237346 91.793772
1.0 9.2053 12.73894127272695 16.686070375756547 21.004349054543713 25.651439054543392 30.585002121210515 35.7627 41.034375241742396 46.52845388522438 52.62047290783518 59.68596928696399 68.10048 79.62534769913415 94.82120157045917 112.26250839221714
0.0 1.8646559999999999 2.533295709817562 3.621515726180165 5.016983879452685 6.607368 8.440562437433785 10.75022945218376 13.702688740841852 17.46426 23.41410419415982 32.23361829280486 43.042476 56.77390378593121 74.63692396331231 96.16490399999999
0.0 13.998432 18.19433298738438 24.782608641435424 32.894964 43.33163261129245 57.028970851404694 73.322868 93.5555540573604 119.824416 152.48014450169046 193.7246609145255 246.803436 329.0265055285001 436.613256 555.9008567548083
0.0 4.83054 5.997915498980663 7.664011830615098 9.712157246941985 12.02568 14.56034435178283 17.590166099317738 21.47585079719378 26.578104 35.537293924207 49.20743808832443 65.269716 84.10022794516746 107.1669928094434 133.789068
1.0 7.7234 10.936688414133956 14.19530501007714 17.497352127232446 20.84093210500276 24.224147282790987 27.6451 30.80124103322429 33.6983266196084 36.79691728938038 40.55757357276824 45.440856 53.206313551632306 64.64081784382125 78.74591336019405
1.0 10.2565 13.913835321837182 18.34500596551154 23.431698948267307 29.05560128734872 35.0984 41.96342033962405 49.89087833381317 58.51779716109571 67.4812 76.73995144116815 86.54680693889043 96.97962596716751 108.11626799999999 120.21978368450631
1.0 10.1105 13.553137250712993 17.79803222046339 22.738225444759237 28.266757459108593 34.276668799019504 40.661 47.73355391220857 55.818774244604114 64.82566282089536 74.66322146479109 85.240452 97.38584672273153 111.39164574167242 126.3624725992476
0.0 7.5464519999999995 9.665752939450218 13.920531671867247 19.661733568350655 26.240304 34.70317299348055 46.14370749301597 59.982508246043395 75.640176 93.62057058674533 116.19526106000161 145.436412 188.33416953077057 247.94873326146563 320.45734799999997
0.0 4.6683959999999995 5.747803749886799 7.785810166364797 10.499656499660398 13.606584 17.33675406914608 22.241799017119142 28.521166456532633 36.374304 48.31642206818197 65.64814471434251 86.74704 113.06620891947502 146.97429053278643 188.22216
0.0 12.174312 14.617025751479293 18.924395502958582 24.335112 31.578754100396726 41.448361455231314 53.277816 68.79656323855635 87.605052 105.72269140013297 125.80704424648205 153.955728 209.78625089489253 285.184272 358.54340386221156
1.0 7.738 11.652185181775994 15.7695110059256 20.075541436135808 24.555840436093614 29.195971969486017 33.9815 38.72270955234197 43.463389936661365 48.53936154480979 54.286444768638816 61.040459999999996 69.22867648633564 79.07100462011353 90.59222651072362
0.0 8.654436 9.775718032267294 12.925945436588677 17.784690174243387 24.031524206510678 31.346019494669804 39.407748 50.29871939885425 66.13083111535218 86.62848673242299 111.51608983299587 140.518044 179.8749160228136 234.6437599550053 302.7737102757902
0.0 4.499496 5.245874016778779 7.327646187025427 10.508769690605407 14.553201707384183 19.224899417227228 24.28782 30.65502953715259 39.411214516426405 50.577762727123925 64.17606195854763 80.22749999999999 102.42123883821769 133.66407982317207 172.80386978901754
0.0 0.952596 1.093152920919849 1.4811134557862637 2.065912262759547 2.796984 4.217177821177357 6.5837762500697306 9.417864 12.48041559038641 16.166735259473587 20.94940229882397 27.300995999999998 38.13016278226021 55.48073562341753 78.52807365286611
1.0 2.709156 3.527296809722993 4.888335325927981 6.644415179168979 8.64768 11.091230038329803 14.239268254068776 18.05059234277336 22.484 28.138737143021324 35.376552948260525 43.8 53.54943889637638 65.27618432403028 79.34922
0.0 5.13456 6.180461467862902 7.735025580967741 9.673289903588708 11.870292 14.370306590954806 17.436269737814968 21.271211015767644 26.07816 33.46595740373566 43.93391123251491 56.020752 69.24243969889555 85.12404045908526 105.217944
0.0 12.951252 13.845763459574666 16.3337505373056 20.1218922817032 24.916867741277866 30.42535596454 36.354036 43.523517394573375 53.11218671444524 65.3633885370304 80.52046743974373 98.826768 126.1772483290791 166.84672004943806 218.6483080052574
0.0 4.215744 6.265120222982215 8.832869261285909 11.823168668946646 15.140196 18.558356693947886 22.36578770643286 27.237263865701397 33.84756 46.16317366744506 65.82595329184846 90.02369999999999 120.1552115913293 159.99640676557715 210.300768
0.0 5.316972 7.335882614530776 10.325775638748738 14.049079843592331 18.268224 23.148935037434747 29.163906710656807 36.536018028550465 45.488148 59.374841215375895 77.66647022995917 94.75965599999999 107.2033341881455 118.68503695416682 134.30928
0.0 15.477996 18.49920959375198 24.78260078125593 33.56101757188389 44.06730797500791 55.53432 69.2743484927151 87.2792764748568 109.80133421957008 137.092752 174.83677154579274 226.3393482327775 288.2867828033734 357.36537599999997 436.794773140423
0.0 8.24232 11.370215913183891 15.076224768490373 19.270249239551674 23.862192 28.505610705422644 33.5162024181078 39.79707892173906 48.251352 63.50090439030811 87.04481102941378 115.101972 147.40917342373325 188.16863518265254 240.297408
0.0 4.83054 5.716399519299545 7.188384 9.338322468005913 12.368286587477275 16.065768 20.938319681623497 27.161146070195635 34.023216 41.17529460591477 49.210481670597304 58.831248 71.35091380199529 86.73645367260376 103.67081999999999
0.0 2.6821319999999997 3.306920278848442 4.56076722436355 6.161472 8.403502116995428 11.556791737202843 15.30234 19.764887032578606 25.868724 34.71169231214833 47.01806073524985 63.107796 88.91455674438222 123.405096 160.72584644232214
1.0 11.2566 15.903755554162956 20.539518977767877 25.16384791248886 29.7767 34.47104618432454 39.21599028040119 43.82568923627724 48.1143 51.39657812053917 54.4262222519704 59.175804 72.85935565517511 96.27771369375179 121.783656
1.0 1.4381 1.670256311928744 2.293720831809984 3.1989869357862313 4.276548 6.066942662904655 8.721877990444842 11.5486 14.231190326481574 17.032743514261742 20.129024944911038 23.695800000000002 27.800365371612447 32.546619329800876 38.16522962308886
1.0 9.2272 13.625494865970296 17.941101264577554 22.175290230199664 26.329332797214512 30.4045 34.000760814204135 37.24743397241426 40.93981514441725 45.8732 53.80546535072198 65.12315368129038 78.56455917121359 92.867976 107.50386188416412
1.0 5.012952 8.198898280372239 11.216350348809025 13.948474077059688 16.278435336873567 18.0894 19.382953857102073 20.32807331272981 21.05901015946294 21.71001618988119 22.41534319656429 23.309242972091972 24.525967309043963 26.199768 30.20145023066634
1.0 7.5701 11.284806879186824 15.033803970893802 18.81541762300737 22.62797418341396 26.4698 30.010794195867827 33.36629029500962 37.202766246646604 42.1867 49.632466821079255 59.90411688559268 72.24264050730976 85.889028 102.81267497458177
0.0 12.390504 14.37395095827364 19.927340933142318 28.455247574677657 39.362244532951294 52.05290545803487 65.931804 84.18174418371206 110.10576451062039 143.28879034567268 183.31574705381666 229.77156 294.25572776713045 384.0689373171686 492.3478965836415
0.0 0.749916 0.9017943904502987 1.3114390412007966 1.9098641713508961 2.628084 3.729831453935443 5.4541642961386145 7.695084 10.978193225016145 15.644196640889067 21.309748736317452 27.591504 34.3213213307154 42.14902553786522 51.91821997608243
1.0 9.271 13.722272434199441 19.092533757287768 25.1923 33.15301717762015 42.22220721339417 49.3845 53.15927716820251 57.3269 67.58405883115054 83.37373847112038 100.19148 115.3831793824407 135.15377999999998 175.47516997449176
0.0 3.85092 5.352398403967092 7.55619091057891 10.292215961901274 13.390392 16.95552537815991 21.330639662917577 26.702979116216454 33.259788 42.095670377130844 54.28215918559032 69.971892 92.542111464146 123.88849225567512 161.94132
0.0 10.093463999999999 14.131468184089117 19.793332552267348 26.771632028401015 34.75894153635646 43.447836 52.67954036105371 63.48049238003353 77.32108620899659 95.671716 128.25293001410233 179.76174121489692 244.13324080824304 315.30252 398.60706027226655
1.0 12.755328 18.14911781305741 24.178219816591003 30.7987 38.09166005417676 46.091085541324915 54.682368257810616 63.7509 72.79349328345734 82.12712056872299 92.86741356962713 106.130004 125.88007707108966 151.43821655347887 176.953152
1.0 7.8329 9.843295983305959 13.176618455482556 17.473481699917876 22.3745 28.725904210980268 37.044252306912476 46.47564924938845 56.1662 65.41995183308313 75.51630723824849 88.564404 108.992574185593 136.47468212571096 165.98816399999998
1.0 4.891344 6.29195177681993 8.510498663793118 11.376287262356342 14.71862017394638 18.3668 22.70465947024066 28.144796103544074 34.55965968507545 41.8217 50.343165379641796 60.56013506903526 72.3808052239111 85.71337199999999 101.74187576003715
1.0 7.4606 8.131479729203841 9.980151187611517 12.760662781417278 16.22706291681536 20.1334 26.1249932726183 35.08338536783946 45.6169597791409 56.3341 66.83815887528417 78.02398237729403 90.43719369065688 104.62341599999999 121.7712452006271
0.0 14.194355999999999 16.662565476275592 22.129418436734923 29.646647178826782 38.265983999999996 49.826594521108014 65.82268509642454 84.7885491235288 105.25847999999999 126.38637053467191 151.32966144688976 184.627968 237.06501761212874 312.89724891669835 406.873344
1.0 2.80374 3.9749687439088346 5.109120603680924 6.207347021384639 7.270799439088353 8.300629298860443 9.297988042769276 10.264027112883234 11.199897951270682 12.106752 12.853943246274243 13.47574485547494 14.220687036938166 15.3373 18.122086877812965
0.0 7.114068 8.05513258315793 10.70825646947379 14.818334864210684 20.13026297263172 26.388936 37.30967877670379 55.63004018261385 79.62825149721698 107.582544 143.87165540348943 192.67048255260318 251.9514954254154 319.687164 400.08287024402927
0.0 4.972416 6.077611601835406 9.099803765506216 13.598900528259321 19.13480992734162 25.26744 33.06180055099471 44.0350853807905 58.42547852019105 76.471164 104.53119191970048 146.41612579225355 198.54141976867984 257.322528 326.1527464460191
1.0 12.5706 16.009065393483713 19.693297453634084 23.6009 27.620986560261475 31.90923596764074 36.8431 42.94353536861204 50.1656 58.00099289814149 66.8444539320462 77.579148 91.89893330739532 110.4606 134.5620269687994
0.0 13.356612 15.987360276152216 21.28878623640591 28.447797078456652 36.6513 46.99936446315004 60.9321735412119 78.14680484866783 98.340336 123.98790745480525 157.83803694643422 199.99786799999998 255.786955049724 329.55618853751116 419.959716
1.0 10.3003 10.820507764940205 12.296767015509268 14.602531685329877 17.611255708024714 21.19639301721646 25.231397546527802 29.589723229581423 34.144824 40.20102199250889 48.59953558672805 58.51916308362212 69.13870278415573 79.63695298929348 89.192712
0.0 9.1206 9.620939905431936 10.937330747818496 12.79789621629581 14.93076 17.68365618696052 21.54484299419839 26.453230304337065 32.347728 40.72752820759509 52.184538071212714 65.29674 79.31186367810061 95.94909395769818 117.493596
1.0 7.1467 8.777034524192228 10.535120239243344 12.408058692198345 14.382951430102233 16.4469 18.419927934100407 20.402872489358042 22.804055799936663 26.0318 31.52303527999686 39.86939839046468 50.211271305700166 61.689036 75.3638412968437
0.0 3.155052 3.6058210635377614 4.842971836100697 6.693769690613282 8.985479999999999 13.265910328633495 20.236791105401252 28.456272 37.41564571409124 48.63653664368482 63.722592 87.57950167391407 122.57750215702183 166.51706056161862 217.198644
1.0 5.972304 8.554662236957046 11.647194721898911 15.185693097749866 19.105949007434184 23.34375409387614 27.8349 32.71209077791023 38.170091777403144 44.237786587940974 50.94405879898587 58.317792 66.61066902943801 76.03811017733067 86.57460521050433
0.0 3.7157999999999998 4.545919343064264 6.735104581504702 9.83159652919279 13.383636 17.91662349996149 24.269468829573377 32.46067674439858 42.508752 56.911328089190064 77.6047087264842 103.765404 139.2234492051624 187.4884091074365 247.256088
1.0 1.661976 2.211050208168571 2.900156060078821 3.710058760473919 4.621523514097035 5.61531552569134 6.6722 7.797608203880838 9.049885682946234 10.489169060071214 12.175594958130798 14.1693 16.708817693876195 19.968710495949754 23.913158451085216
0.0 14.3565 19.65360900759907 27.2560450227972 36.717529734195786 47.591784830396264 59.432532 72.69789601272055 88.64838326474894 108.04128788440286 131.633904 163.69782103594224 206.563805522838 258.07791724831475 316.086216 384.4910769230957
0.0 1.72278 1.845294427980114 2.1862584839403416 2.705803325910512 3.3640601119204554 4.12116 5.269468477222061 7.062869114134541 9.40377019397975 12.19458 15.80619442586967 20.747510205463914 27.127936882326196 35.056884 46.437739618093396
1.0 15.5563 19.04164988573592 23.324732990541087 28.279981152478292 33.78182620961034 39.7047 46.362714895986656 54.04879928625833 62.60560903340084 71.8758 82.23955451893814 93.88027818664561 106.3454617610303 119.182596 133.28986396500616
1.0 4.364376 5.99466497009332 8.005543753582186 10.32951966027996 12.8991 16.223567039610224 20.28314377945831 24.216748629577243 27.1633 28.819212582397853 30.095304653294146 31.9521 36.31051138963008 42.64459639233946 48.244596
1.0 13.3809 18.600282615676388 24.072614513695815 29.777145103877054 35.693123796038854 41.7998 47.7769545284595 53.79703731275826 60.5783014406779 68.839 80.14109443227737 94.60279168178913 110.77671309040633 127.21548 144.23302586695203
1.0 9.5776 14.537235384436697 19.184898975651972 23.479939003230882 27.38170369675848 30.84954128581984 33.8428 36.11761165520138 37.79728662168263 39.3919409605632 41.41169073296251 44.366652 50.86806735950896 62.01111827685119 76.03182911443895
1.0 4.01982 5.114927728313962 7.174914791210737 10.022253369259026 13.479415643027533 17.36887379308496 21.5131 26.42848567392733 32.65353186714187 40.04387522339275 48.45515238642909 57.743 68.454249267723 81.17661245906352 95.82704781654255
0.0 1.547124 2.4951880000000006 3.573868 4.76298 5.998407695528638 7.384635391057275 9.15438 11.781179120050485 15.3699 19.642479682708604 25.127036105471074 32.712552 47.4418444137931 66.870888 84.86560698939024
0.0 4.76298 5.322056563841373 6.354909336910328 7.723427441524119 9.2895 11.163986169427183 13.616845958959809 16.748619769012528 20.659848 26.590837795870335 35.158589652900844 45.528684 58.14579035404293 74.30980488468386 94.469148
1.0 10.5777 14.249122777908065 18.588177407754845 23.491793333724203 28.8569 34.93097557796316 41.86057302341145 49.391233957154014 57.2685 65.43749125487132 74.26575375129767 84.132468 94.97498139242025 107.29330703256448 122.310624
1.0 5.9182559999999995 7.981252728761038 10.478664852949775 13.344193012757996 16.51153784837748 19.9144 23.764019290174122 28.199930417443028 33.04827633599042 38.1352 43.19145465527285 48.443239225925694 54.45986518361569 61.810643999999996 71.5626503329783
1.0 8.8914 11.329110362407796 14.444098502593365 18.0675 22.580101081258842 27.938844360852173 33.3391 38.265293759947255 43.7562 50.84481329081416 59.224176693044264 68.411256 78.03289480895828 90.064236 107.87991918576847
1.0 24.7908 30.785292003206234 38.80915934295203 48.497560681094704 59.485654679491596 71.4086 85.99858549957044 103.83354579667116 122.81725819543632 140.8535 157.94310635613758 175.02669134085926 191.4177006551513 206.42958 218.7864827516561
1.0 2.0268 2.5223528657061904 3.797495263785234 5.659227229011185 7.91454879615809 10.37046 13.540107050316422 17.863607767063026 23.03841960027812 28.762 35.13721706453889 42.60539500578231 51.37167544413459 61.6412 74.19288152355665
1.0 11.0595 14.34052087000551 17.52015285112213 20.5933 23.400670850487295 26.111748755435556 29.2146 32.780294441174426 37.6461 46.21659189057294 58.83479784021706 74.04576 94.26082082710468 118.581312 145.00787607491972
0.0 9.566495999999999 12.704538575757576 18.11476953535354 25.162363727272727 33.212496 42.81817003717503 55.20577383650715 70.7505587175857 89.827776 117.17066075887007 155.39511268022102 201.70038 259.48686256344007 333.1372950617854 421.324428
0.0 1.661976 2.292213550099112 3.3319926502973356 4.693743775446003 6.289897400396448 8.032884 10.12828774601835 12.784884077501719 15.919890370234228 19.450523999999998 23.691427260288947 28.819655832614302 34.54604717479518 40.58143874465071 46.636668
1.0 11.2566 15.738155337931651 20.28549506926007 24.895829297558176 29.566368126398917 34.29432165935522 39.0769 43.55410269343481 47.734392425488366 52.167674010824534 57.40385226410714 63.992832 73.3414524042855 86.04886335435337 101.45343570227847
1.0 12.4392 16.918530222133704 21.057409759023205 24.794509416401105 28.0685 31.266780560049213 34.396505178177634 36.825977207217235 37.9235 38.062399320522516 38.134588446201704 38.286252 47.26865827354769 67.43955723008739 89.354856
0.0 13.768728 17.312163805769107 22.561114278204876 28.942704 36.85894590595913 47.05357789589224 59.466312 75.56832078914192 97.293156 126.06429760397602 163.8178405314891 211.955988 285.1556776266513 379.187256 478.4775499621726
0.0 5.330484 6.649268688416167 8.83007166910978 11.639192815248503 14.842932 18.586679740071425 23.341306145076686 29.361330477543603 36.901272 48.32061673302636 64.76005755163467 84.645924 108.87048237217371 139.8576817812571 178.331376
1.0 4.18872 7.483761281390729 11.068750039844277 14.917467283146307 19.00369401908249 23.301211255438503 27.7838 32.52868956005862 37.61541087866449 43.021197417241055 48.72328263721175 54.6989 60.999182532921246 67.6840134531579 74.74375150693395
0.0 15.363144 18.826046472887086 24.792911594365556 32.56443291866125 41.441304 52.05766015028316 65.75613725615288 82.90017973394615 103.85323199999999 133.57854671415376 174.8480818956654 224.73834 285.6478541685509 363.32569341427876 459.874164
0.0 4.722444 5.161062301158302 6.319972803088804 7.963758903474904 9.857004 12.426344739406098 16.091000911260533 20.604430627484703 25.720092 31.79625960345458 39.498632159374935 49.041804 61.47221678656848 77.77140095509887 98.056584
