1.0 10.3003 10.820507764940205 12.296767015509268 14.602531685329877 17.611255708024714 21.19639301721646 25.231397546527802 29.589723229581423 34.144824 40.20102199250889 48.59953558672805 58.51916308362212 69.13870278415573 79.63695298929348 89.192712
1.0 5.398044 10.136272973470758 14.589453854500364 18.725036820378453 22.51047204839466 25.913209715838637 28.9007 31.217929648375975 32.96363312318797 34.63588217381199 36.73274854962401 39.752304 45.53031264840559 54.991927820276764 67.26930506794515
1.0 3.067224 3.4731382944180473 4.577907043254141 6.212069044881211 8.206163097672189 10.390728 13.195198532724437 17.073770827377956 21.8941257083425 27.523944 34.61824242340796 43.77166752395661 54.761344862526954 67.3644 83.61718558055838
0.0 4.972416 6.077611601835406 9.099803765506216 13.598900528259321 19.13480992734162 25.26744 33.06180055099471 44.0350853807905 58.42547852019105 76.471164 104.53119191970048 146.41612579225355 198.54141976867984 257.322528 326.1527464460191
0.0 3.7157999999999998 4.545919343064264 6.735104581504702 9.83159652919279 13.383636 17.91662349996149 24.269468829573377 32.46067674439858 42.508752 56.911328089190064 77.6047087264842 103.765404 139.2234492051624 187.4884091074365 247.256088
1.0 1.4381 1.670256311928744 2.293720831809984 3.1989869357862313 4.276548 6.066942662904655 8.721877990444842 11.5486 14.231190326481574 17.032743514261742 20.129024944911038 23.695800000000002 27.800365371612447 32.546619329800876 38.16522962308886
0.0 3.85092 5.352398403967092 7.55619091057891 10.292215961901274 13.390392 16.95552537815991 21.330639662917577 26.702979116216454 33.259788 42.095670377130844 54.28215918559032 69.971892 92.542111464146 123.88849225567512 161.94132
0.0 5.13456 6.180461467862902 7.735025580967741 9.673289903588708 11.870292 14.370306590954806 17.436269737814968 21.271211015767644 26.07816 33.46595740373566 43.93391123251491 56.020752 69.24243969889555 85.12404045908526 105.217944
0.0 1.65522 1.747681045279283 1.9991817874114215 2.3708986358378494 2.824008 3.555869091316804 4.743343232515501 6.31686 8.55799250358048 11.83294240345257 16.199082101598375 21.713784 30.203299808221757 43.17232468940112 60.19589622587993
0.0 1.8646559999999999 2.546995599060898 4.052816531455129 5.992572 9.022229294072881 13.264914718661784 17.53182 20.919516601059517 25.362023999999998 34.94872009252781 50.68951793113169 71.032584 102.0958051402969 144.395988 193.17003262408423
0.0 4.465716 5.104420213069306 6.806243234851484 9.249750639207921 12.113508 16.28421552046347 22.47449119093889 30.10177726594486 38.583515999999996 48.01383098538194 59.79554120515103 75.309132 101.13574639585879 136.982693549971 173.91970799999999
1.0 8.6286 11.99433298512748 15.007521293673276 17.548673955382437 19.4983 20.73853892282602 21.57421304821595 22.5198556494979 24.09 28.462344707753175 36.31214387135864 45.900264 57.92337693119347 73.62906223068435 92.104548
0.0 1.8646559999999999 2.533295709817562 3.621515726180165 5.016983879452685 6.607368 8.440562437433785 10.75022945218376 13.702688740841852 17.46426 23.41410419415982 32.23361829280486 43.042476 56.77390378593121 74.63692396331231 96.16490399999999
1.0 2.709156 3.527296809722993 4.888335325927981 6.644415179168979 8.64768 11.091230038329803 14.239268254068776 18.05059234277336 22.484 28.138737143021324 35.376552948260525 43.8 53.54943889637638 65.27618432403028 79.34922
0.0 1.72278 1.845294427980114 2.1862584839403416 2.705803325910512 3.3640601119204554 4.12116 5.269468477222061 7.062869114134541 9.40377019397975 12.19458 15.80619442586967 20.747510205463914 27.127936882326196 35.056884 46.437739618093396
0.0 10.802844 12.70421217399079 17.96638055677053 25.926444939550265 35.921501113541055 47.288644869953956 59.364972 73.97763803207383 93.23509911950188 116.89640199089303 144.72059337485615 176.46672 215.75848673142096 265.90990456793804 326.2154794387447
1.0 12.4757 15.967468970350723 19.46078031724352 22.95559156716662 26.45186024660825 29.949543882056634 33.4486 36.625904465711464 39.48158611551007 42.500481932452935 46.167428899597205 50.967264 58.8377684169671 70.56339257723997 84.89897732902926
1.0 1.5741479999999999 1.9442312590140554 2.850250453087401 4.187066253221353 5.849539330417226 7.732530355676338 9.7309 12.125963608806654 15.2366438133923 19.014212213574623 23.4099404091713 28.3751 34.58934972537813 42.49243275007365 51.67574731208011
0.0 13.768728 17.312163805769107 22.561114278204876 28.942704 36.85894590595913 47.05357789589224 59.466312 75.56832078914192 97.293156 126.06429760397602 163.8178405314891 211.955988 285.1556776266513 379.187256 478.4775499621726
1.0 5.2779 6.482351201033025 7.74678926068466 9.06742950664088 10.440487266587663 11.86217786821099 13.328716639196836 14.836318907231178 16.3812 17.913952785096047 19.43815244870996 21.029487796424515 22.76364763382251 24.716320766486746 26.963196
0.0 9.566495999999999 12.704538575757576 18.11476953535354 25.162363727272727 33.212496 42.81817003717503 55.20577383650715 70.7505587175857 89.827776 117.17066075887007 155.39511268022102 201.70038 259.48686256344007 333.1372950617854 421.324428
1.0 1.3724 1.6443482119330428 2.37732856515478 3.447044635799128 4.7292 6.780687122664401 9.92981233220184 13.7094 18.400424190272656 24.292070820002657 30.929482039731333 37.8578 44.8478388601254 52.279512912948626 60.61161450929755
1.0 10.2565 13.913835321837182 18.34500596551154 23.431698948267307 29.05560128734872 35.0984 41.96342033962405 49.89087833381317 58.51779716109571 67.4812 76.73995144116815 86.54680693889043 96.97962596716751 108.11626799999999 120.21978368450631
1.0 11.2566 15.903755554162956 20.539518977767877 25.16384791248886 29.7767 34.47104618432454 39.21599028040119 43.82568923627724 48.1143 51.39657812053917 54.4262222519704 59.175804 72.85935565517511 96.27771369375179 121.783656
0.0 12.174312 14.617025751479293 18.924395502958582 24.335112 31.578754100396726 41.448361455231314 53.277816 68.79656323855635 87.605052 105.72269140013297 125.80704424648205 153.955728 209.78625089489253 285.184272 358.54340386221156
1.0 2.93886 4.1049790613970645 5.617915900571904 7.3876 9.720383569234471 12.490055433771241 14.9577 16.71712714331408 18.09317728689665 19.443480658822185 21.125667487165146 23.497367999999998 28.010589858311377 34.732596 43.55739066194657
1.0 11.2201 12.00934911640304 13.882056542186692 16.626893810394584 20.03253245407035 23.887644006257613 27.980900000000002 33.155894059498465 40.053655867853976 48.159011046460265 56.95678521671104 65.931804 75.40826777833358 85.83741209867358 96.89461532984679
0.0 4.42518 4.489019720194474 4.680647465125105 5.0002261113127044 5.447918535278079 6.023887613542044 6.728296222625407 7.561307239048981 8.523083539333573 9.613788 11.938768990939966 16.375101476142298 22.580538223273482 30.212832 42.122369993020115
0.0 2.6821319999999997 3.306920278848442 4.56076722436355 6.161472 8.403502116995428 11.556791737202843 15.30234 19.764887032578606 25.868724 34.71169231214833 47.01806073524985 63.107796 88.91455674438222 123.405096 160.72584644232214
0.0 15.734724 21.638818844091972 27.7134165322759 33.94710479841385 40.32847137636786 46.846104 52.70979674719232 58.21909043475433 64.99719290493917 74.667312 94.73862855685293 128.52721513002462 171.36661713818398 218.59037999999998 271.3639671791294
1.0 4.93188 6.214201422876509 7.966207127670693 10.090654268629532 12.4903 15.230151017312945 18.475520158348488 22.279623790727566 26.695678282071093 31.7769 38.37447276338739 46.887098145647855 56.68926914621463 67.15547876452094 77.66022
1.0 12.848 16.685947644641196 20.84470150527606 25.295912626516984 30.011232052976354 34.96231082926657 40.1208 45.15913899891329 50.16331965734885 55.725321616327776 62.43712451687113 70.890708 84.40340793962181 104.20893303315103 127.77382215686933
1.0 7.0299000000000005 8.192990163597178 9.921598769592476 12.076807990791536 14.5197 17.356187350423046 20.85967214031308 25.142470860046572 30.3169 37.37877780121608 46.885281926750665 58.290768 72.36040758132299 89.99952743715339 110.872716
1.0 3.8325 4.9648811930669225 6.288128592274357 7.78244623532461 9.428038159919993 11.205108403762814 13.093861004555379 15.0745 17.072973000719546 19.132977595185093 21.41134278787128 24.06489758325274 27.250470985804107 31.124892 37.834771939541604
0.0 8.654436 9.775718032267294 12.925945436588677 17.784690174243387 24.031524206510678 31.346019494669804 39.407748 50.29871939885425 66.13083111535218 86.62848673242299 111.51608983299587 140.518044 179.8749160228136 234.6437599550053 302.7737102757902
1.0 24.7908 30.785292003206234 38.80915934295203 48.497560681094704 59.485654679491596 71.4086 85.99858549957044 103.83354579667116 122.81725819543632 140.8535 157.94310635613758 175.02669134085926 191.4177006551513 206.42958 218.7864827516561
0.0 10.073196 11.155183641485184 14.05015337729383 18.23161542445556 23.17308 30.6472503831041 41.9594727761986 55.882221781193806 71.187972 88.13059474955855 108.94533503710699 135.37672799999999 172.09746933573277 221.73101399612096 282.948036
1.0 5.012952 8.198898280372239 11.216350348809025 13.948474077059688 16.278435336873567 18.0894 19.382953857102073 20.32807331272981 21.05901015946294 21.71001618988119 22.41534319656429 23.309242972091972 24.525967309043963 26.199768 30.20145023066634
1.0 12.4392 16.918530222133704 21.057409759023205 24.794509416401105 28.0685 31.266780560049213 34.396505178177634 36.825977207217235 37.9235 38.062399320522516 38.134588446201704 38.286252 47.26865827354769 67.43955723008739 89.354856
0.0 7.5464519999999995 9.665752939450218 13.920531671867247 19.661733568350655 26.240304 34.70317299348055 46.14370749301597 59.982508246043395 75.640176 93.62057058674533 116.19526106000161 145.436412 188.33416953077057 247.94873326146563 320.45734799999997
0.0 0.749916 0.9017943904502987 1.3114390412007966 1.9098641713508961 2.628084 3.729831453935443 5.4541642961386145 7.695084 10.978193225016145 15.644196640889067 21.309748736317452 27.591504 34.3213213307154 42.14902553786522 51.91821997608243
1.0 3.823896 6.495630848799731 8.996107855553078 11.30165014715491 13.388580850500094 15.233223092483504 16.8119 17.986555695870457 18.829010028513764 19.630399713221845 20.681861465286616 22.274532 26.37960855670869 34.143379792764065 44.6196195504651
1.0 13.8919 17.418866949436694 20.556907698497856 23.154694598310087 25.0609 26.20976056931681 26.95948108184054 27.794686053443996 29.2 33.12910359275991 40.199861003748794 48.893172 59.758548402706786 74.15857744237346 91.793772
1.0 2.270016 2.7134840659190784 3.3300659577572347 4.088386616635852 4.957070983676312 5.904744 6.947246893717384 8.157788135545234 9.591043530514394 11.301688883655702 13.3444 16.031292065256807 19.60189176488035 24.00199215351853 29.177386285819264
1.0 11.2566 15.738155337931651 20.28549506926007 24.895829297558176 29.566368126398917 34.29432165935522 39.0769 43.55410269343481 47.734392425488366 52.167674010824534 57.40385226410714 63.992832 73.3414524042855 86.04886335435337 101.45343570227847
0.0 4.499496 5.245874016778779 7.327646187025427 10.508769690605407 14.553201707384183 19.224899417227228 24.28782 30.65502953715259 39.411214516426405 50.577762727123925 64.17606195854763 80.22749999999999 102.42123883821769 133.66407982317207 172.80386978901754
1.0 5.9933 7.867254532975379 10.12639394794546 12.721548223521596 15.603547338315156 18.723221270937504 22.0314 25.520069828620297 29.338379821677236 33.67290410042404 38.710216786113904 44.636891999999996 52.78181806161579 63.58143324276501 75.88363659310635
1.0 4.18872 7.483761281390729 11.068750039844277 14.917467283146307 19.00369401908249 23.301211255438503 27.7838 32.52868956005862 37.61541087866449 43.021197417241055 48.72328263721175 54.6989 60.999182532921246 67.6840134531579 74.74375150693395
0.0 5.9452799999999995 6.745971746058559 9.012692254054054 12.542409428716216 17.13209117477477 22.57870539695946 28.67922 37.83872143222636 52.04531490262498 70.47049645691044 92.28576214079726 116.66260799999999 147.2468767256252 187.061497742357 234.34359719627616
0.0 13.356612 15.987360276152216 21.28878623640591 28.447797078456652 36.6513 46.99936446315004 60.9321735412119 78.14680484866783 98.340336 123.98790745480525 157.83803694643422 199.99786799999998 255.786955049724 329.55618853751116 419.959716
0.0 2.756448 3.166007982562454 4.312929067687362 6.074572961531041 8.328301370249816 10.951476 15.091649562013226 21.78037752305061 30.721025722562693 41.61696 57.210268737067594 79.88124036929679 108.79054081687761 143.098836 187.4963777045138
1.0 7.5701 11.284806879186824 15.033803970893802 18.81541762300737 22.62797418341396 26.4698 30.010794195867827 33.36629029500962 37.202766246646604 42.1867 49.632466821079255 59.90411688559268 72.24264050730976 85.889028 102.81267497458177
0.0 8.255832 10.044270620353647 13.657250654276393 18.538671361060942 24.132431999999998 31.05498253748774 40.33661907518675 52.042010075292396 66.235824 86.31689361219988 114.05052486368392 147.051096 186.65190146266372 235.8910043738287 294.939936
1.0 4.364376 5.99466497009332 8.005543753582186 10.32951966027996 12.8991 16.223567039610224 20.28314377945831 24.216748629577243 27.1633 28.819212582397853 30.095304653294146 31.9521 36.31051138963008 42.64459639233946 48.244596
0.0 9.1206 9.620939905431936 10.937330747818496 12.79789621629581 14.93076 17.68365618696052 21.54484299419839 26.453230304337065 32.347728 40.72752820759509 52.184538071212714 65.29674 79.31186367810061 95.94909395769818 117.493596
0.0 5.492628 6.811051671196772 8.851616675726875 11.356836 14.736233101517412 19.095258549958466 23.720316 28.035545139854687 33.597588 42.977387728249596 56.677286494511186 74.07954 99.52683696497765 133.613412 173.0183802248814
0.0 14.3565 19.65360900759907 27.2560450227972 36.717529734195786 47.591784830396264 59.432532 72.69789601272055 88.64838326474894 108.04128788440286 131.633904 163.69782103594224 206.563805522838 258.07791724831475 316.086216 384.4910769230957
1.0 1.661976 2.211050208168571 2.900156060078821 3.710058760473919 4.621523514097035 5.61531552569134 6.6722 7.797608203880838 9.049885682946234 10.489169060071214 12.175594958130798 14.1693 16.708817693876195 19.968710495949754 23.913158451085216
1.0 9.271 13.722272434199441 19.092533757287768 25.1923 33.15301717762015 42.22220721339417 49.3845 53.15927716820251 57.3269 67.58405883115054 83.37373847112038 100.19148 115.3831793824407 135.15377999999998 175.47516997449176
1.0 5.5737 9.046742991188005 12.572828973564006 16.14905346034601 19.77251196475201 23.4403 26.824759652836516 30.044307769155736 33.76515200089708 38.6535 46.522927731489446 57.71918451720834 70.70673804432306 83.950056 96.98305845493398
0.0 12.390504 14.37395095827364 19.927340933142318 28.455247574677657 39.362244532951294 52.05290545803487 65.931804 84.18174418371206 110.10576451062039 143.28879034567268 183.31574705381666 229.77156 294.25572776713045 384.0689373171686 492.3478965836415
1.0 7.4606 8.131479729203841 9.980151187611517 12.760662781417278 16.22706291681536 20.1334 26.1249932726183 35.08338536783946 45.6169597791409 56.3341 66.83815887528417 78.02398237729403 90.43719369065688 104.62341599999999 121.7712452006271
0.0 15.477996 18.49920959375198 24.78260078125593 33.56101757188389 44.06730797500791 55.53432 69.2743484927151 87.2792764748568 109.80133421957008 137.092752 174.83677154579274 226.3393482327775 288.2867828033734 357.36537599999997 436.794773140423
0.0 5.316972 7.335882614530776 10.325775638748738 14.049079843592331 18.268224 23.148935037434747 29.163906710656807 36.536018028550465 45.488148 59.374841215375895 77.66647022995917 94.75965599999999 107.2033341881455 118.68503695416682 134.30928
0.0 5.296704 5.937113127474172 7.722547607917349 10.449318088360524 13.913735215834695 17.912109637370854 22.240752 27.593941695148917 34.88824170682357 44.253388070923776 55.81911682334932 69.715164 90.48148336682098 121.27119633958714 160.13379042894277
0.0 9.857004 11.532441980744505 16.215741271715743 23.392379896020312 32.547835876764815 43.16758723705585 54.737111999999996 69.55329955929635 90.24732475152152 116.80609376409853 149.21651278445037 187.465488 242.8205718628662 322.45688561785096 420.2226886414027
1.0 9.9718 14.612587731538271 18.664992284102063 21.69595069461482 23.2724 23.770854304229147 24.028171046148508 24.301802264993615 24.8492 28.170644992794113 34.835475981477856 42.204732 49.2848818697459 57.38427782076448 67.316784
1.0 9.2783 13.546932803643779 18.04850347638341 22.767622410931335 27.6889 32.3048673015437 36.81887975688335 42.28178433378133 49.744428 64.24836339247669 85.75854176264241 107.710908 127.69573677706678 148.15419102027496 169.79854799999998
0.0 4.83054 5.716399519299545 7.188384 9.338322468005913 12.368286587477275 16.065768 20.938319681623497 27.161146070195635 34.023216 41.17529460591477 49.210481670597304 58.831248 71.35091380199529 86.73645367260376 103.67081999999999
0.0 11.289276 14.956694146611184 21.847886439833555 31.230560859750327 42.37242538644473 54.541188 68.77241026050058 87.03982971098816 110.01841830598164 138.383148 179.10118957278863 236.2273602990659 306.0681018758102 384.929856 476.7345948632188
0.0 7.945056 8.110467215404773 8.58967428929528 9.35713736318578 10.387316578590553 11.654672077023871 13.133664 16.00747569436332 21.260953904187204 28.571053866829423 37.61473081964777 48.06894 62.71564992215936 84.03173075859193 111.23649023394483
1.0 9.5776 14.537235384436697 19.184898975651972 23.479939003230882 27.38170369675848 30.84954128581984 33.8428 36.11761165520138 37.79728662168263 39.3919409605632 41.41169073296251 44.366652 50.86806735950896 62.01111827685119 76.03182911443895
0.0 14.194355999999999 16.662565476275592 22.129418436734923 29.646647178826782 38.265983999999996 49.826594521108014 65.82268509642454 84.7885491235288 105.25847999999999 126.38637053467191 151.32966144688976 184.627968 237.06501761212874 312.89724891669835 406.873344
1.0 7.8329 9.843295983305959 13.176618455482556 17.473481699917876 22.3745 28.725904210980268 37.044252306912476 46.47564924938845 56.1662 65.41995183308313 75.51630723824849 88.564404 108.992574185593 136.47468212571096 165.98816399999998
0.0 7.586988 9.92483100967381 13.382940525796828 17.68758677902143 22.56504 28.291877176379117 35.384194355271305 43.92754035652784 54.007464 67.11654661257357 84.1098660665713 104.116716 128.43090687124445 157.9949059297246 191.410992
0.0 4.0265759999999995 6.866623246988452 9.512387044908504 11.930125606464918 14.08609714436246 15.946559871305897 17.477771999999998 18.55207725403698 19.271825721545717 19.948285162035965 20.892723335017475 22.416408 33.387526210527234 59.51504603459814 96.37140675340544
0.0 13.998432 18.19433298738438 24.782608641435424 32.894964 43.33163261129245 57.028970851404694 73.322868 93.5555540573604 119.824416 152.48014450169046 193.7246609145255 246.803436 329.0265055285001 436.613256 555.9008567548083
0.0 4.6683959999999995 5.747803749886799 7.785810166364797 10.499656499660398 13.606584 17.33675406914608 22.241799017119142 28.521166456532633 36.374304 48.31642206818197 65.64814471434251 86.74704 113.06620891947502 146.97429053278643 188.22216
1.0 2.0268 2.5223528657061904 3.797495263785234 5.659227229011185 7.91454879615809 10.37046 13.540107050316422 17.863607767063026 23.03841960027812 28.762 35.13721706453889 42.60539500578231 51.37167544413459 61.6412 74.19288152355665
1.0 13.14 18.280271764595465 22.947115293786393 27.033802940679585 30.433607058381853 33.0398 34.93836694444446 36.43861704724019 37.76880862641583 39.1572 40.51680584208276 41.7757182020894 43.18481146105134 44.99496 47.77904592163518
1.0 9.2053 12.73894127272695 16.686070375756547 21.004349054543713 25.651439054543392 30.585002121210515 35.7627 41.034375241742396 46.52845388522438 52.62047290783518 59.68596928696399 68.10048 79.62534769913415 94.82120157045917 112.26250839221714
1.0 10.5777 14.249122777908065 18.588177407754845 23.491793333724203 28.8569 34.93097557796316 41.86057302341145 49.391233957154014 57.2685 65.43749125487132 74.26575375129767 84.132468 94.97498139242025 107.29330703256448 122.310624
0.0 16.748124 24.2260083663542 32.57103109906259 41.67931004859387 51.44696306541678 61.770108 71.67510592409931 81.81546328731187 94.52801600686851 112.14959999999999 146.09744558425936 202.0208942890291 273.60494884928426 354.534612 450.7646919449616
1.0 4.01982 5.114927728313962 7.174914791210737 10.022253369259026 13.479415643027533 17.36887379308496 21.5131 26.42848567392733 32.65353186714187 40.04387522339275 48.45515238642909 57.743 68.454249267723 81.17661245906352 95.82704781654255
0.0 4.83054 5.997915498980663 7.664011830615098 9.712157246941985 12.02568 14.56034435178283 17.590166099317738 21.47585079719378 26.578104 35.537293924207 49.20743808832443 65.269716 84.10022794516746 107.1669928094434 133.789068
0.0 3.155052 3.6058210635377614 4.842971836100697 6.693769690613282 8.985479999999999 13.265910328633495 20.236791105401252 28.456272 37.41564571409124 48.63653664368482 63.722592 87.57950167391407 122.57750215702183 166.51706056161862 217.198644
0.0 4.215744 6.265120222982215 8.832869261285909 11.823168668946646 15.140196 18.558356693947886 22.36578770643286 27.237263865701397 33.84756 46.16317366744506 65.82595329184846 90.02369999999999 120.1552115913293 159.99640676557715 210.300768
1.0 5.9182559999999995 7.981252728761038 10.478664852949775 13.344193012757996 16.51153784837748 19.9144 23.764019290174122 28.199930417443028 33.04827633599042 38.1352 43.19145465527285 48.443239225925694 54.45986518361569 61.810643999999996 71.5626503329783
1.0 10.7967 15.600277066342759 20.091671194115015 24.225741467341813 27.957346970048206 31.241346786259257 34.0326 36.13307720380291 37.679705842791954 39.129780279879576 40.94059487797812 43.569444 48.51817307067641 56.53624468608401 66.95237896615342
1.0 9.2272 13.625494865970296 17.941101264577554 22.175290230199664 26.329332797214512 30.4045 34.000760814204135 37.24743397241426 40.93981514441725 45.8732 53.80546535072198 65.12315368129038 78.56455917121359 92.867976 107.50386188416412
0.0 2.824008 3.384530162648089 4.506700487944264 6.060016531916396 7.913975850592353 9.938076 12.279396789135866 15.30216935424619 19.20161824223342 24.172968 32.07932559437921 43.96245021005416 58.78554472070202 75.51181199999999 94.4628443849186
1.0 5.343996 6.882225051807315 8.733631822088608 10.851024466466244 13.187211140562589 15.695 18.494903380568907 21.69619134420168 25.234808635733614 29.0467 33.13803709034437 37.61944625867294 42.58355429766504 48.122988 54.55656357984721
0.0 4.59408 5.416783890168415 7.417672540449107 10.212598920505245 13.417416 17.419673020469737 22.943846968817514 30.11118243275653 39.042924 52.23376619057984 71.71845939351516 96.928332 130.70381719768892 176.0337747942141 232.57217311073597
1.0 4.891344 6.29195177681993 8.510498663793118 11.376287262356342 14.71862017394638 18.3668 22.70465947024066 28.144796103544074 34.55965968507545 41.8217 50.343165379641796 60.56013506903526 72.3808052239111 85.71337199999999 101.74187576003715
1.0 2.80374 3.9749687439088346 5.109120603680924 6.207347021384639 7.270799439088353 8.300629298860443 9.297988042769276 10.264027112883234 11.199897951270682 12.106752 12.853943246274243 13.47574485547494 14.220687036938166 15.3373 18.122086877812965
