1.0 7.4606 8.131479729203841 9.980151187611517 12.760662781417278 16.22706291681536 20.1334 26.1249932726183 35.08338536783946 45.6169597791409 56.3341 66.83815887528417 78.02398237729403 90.43719369065688 104.62341599999999 121.7712452006271
0.0 9.857004 11.532441980744505 16.215741271715743 23.392379896020312 32.547835876764815 43.16758723705585 54.737111999999996 69.55329955929635 90.24732475152152 116.80609376409853 149.21651278445037 187.465488 242.8205718628662 322.45688561785096 420.2226886414027
0.0 3.85092 5.352398403967092 7.55619091057891 10.292215961901274 13.390392 16.95552537815991 21.330639662917577 26.702979116216454 33.259788 42.095670377130844 54.28215918559032 69.971892 92.542111464146 123.88849225567512 161.94132
0.0 15.788772 19.585448635502726 26.66963352800727 36.07772065650818 46.846104 60.15456252138978 77.75118327972062 99.52482239819116 125.364336 159.640246224502 205.29130385930785 260.05870799999997 326.51759160676437 410.0779127076425 512.733108
1.0 12.848 16.685947644641196 20.84470150527606 25.295912626516984 30.011232052976354 34.96231082926657 40.1208 45.15913899891329 50.16331965734885 55.725321616327776 62.43712451687113 70.890708 84.40340793962181 104.20893303315103 127.77382215686933
1.0 5.972304 8.554662236957046 11.647194721898911 15.185693097749866 19.105949007434184 23.34375409387614 27.8349 32.71209077791023 38.170091777403144 44.237786587940974 50.94405879898587 58.317792 66.61066902943801 76.03811017733067 86.57460521050433
0.0 2.756448 3.166007982562454 4.312929067687362 6.074572961531041 8.328301370249816 10.951476 15.091649562013226 21.78037752305061 30.721025722562693 41.61696 57.210268737067594 79.88124036929679 108.79054081687761 143.098836 187.4963777045138
1.0 1.3724 1.6443482119330428 2.37732856515478 3.447044635799128 4.7292 6.780687122664401 9.92981233220184 13.7094 18.400424190272656 24.292070820002657 30.929482039731333 37.8578 44.8478388601254 52.279512912948626 60.61161450929755
1.0 6.1174 8.927683323170966 11.927549969512892 15.09907495426934 18.424333292683862 21.8854 25.29477752063715 28.771727491517595 32.75846371663924 37.6972 44.54855612055538 53.532350741001395 63.97959599094671 75.221304 87.14279658429426
1.0 6.1174 7.8215124587437375 9.788960556649966 11.982878376231213 14.3664 16.89737314623635 19.67177283659687 22.859924108658955 26.632151999999998 31.36807919504928 37.20372668894024 43.94401698530656 51.39387258778193 59.358216 67.78509733898508
1.0 11.2566 15.738155337931651 20.28549506926007 24.895829297558176 29.566368126398917 34.29432165935522 39.0769 43.55410269343481 47.734392425488366 52.167674010824534 57.40385226410714 63.992832 73.3414524042855 86.04886335435337 101.45343570227847
0.0 3.999552 5.119700720109941 6.800597440219882 8.85036 11.278997598026848 14.46026535638351 18.7479 26.686932503086123 36.462132 43.5262343715466 50.42725919939636 61.621476 99.05091512460112 151.996488 194.8550708404749
1.0 5.2779 6.482351201033025 7.74678926068466 9.06742950664088 10.440487266587663 11.86217786821099 13.328716639196836 14.836318907231178 16.3812 17.913952785096047 19.43815244870996 21.029487796424515 22.76364763382251 24.716320766486746 26.963196
1.0 7.7234 10.936688414133956 14.19530501007714 17.497352127232446 20.84093210500276 24.224147282790987 27.6451 30.80124103322429 33.6983266196084 36.79691728938038 40.55757357276824 45.440856 53.206313551632306 64.64081784382125 78.74591336019405
0.0 1.8646559999999999 2.546995599060898 4.052816531455129 5.992572 9.022229294072881 13.264914718661784 17.53182 20.919516601059517 25.362023999999998 34.94872009252781 50.68951793113169 71.032584 102.0958051402969 144.395988 193.17003262408423
0.0 15.363144 18.826046472887086 24.792911594365556 32.56443291866125 41.441304 52.05766015028316 65.75613725615288 82.90017973394615 103.85323199999999 133.57854671415376 174.8480818956654 224.73834 285.6478541685509 363.32569341427876 459.874164
1.0 7.5701 11.284806879186824 15.033803970893802 18.81541762300737 22.62797418341396 26.4698 30.010794195867827 33.36629029500962 37.202766246646604 42.1867 49.632466821079255 59.90411688559268 72.24264050730976 85.889028 102.81267497458177
1.0 4.01982 5.114927728313962 7.174914791210737 10.022253369259026 13.479415643027533 17.36887379308496 21.5131 26.42848567392733 32.65353186714187 40.04387522339275 48.45515238642909 57.743 68.454249267723 81.17661245906352 95.82704781654255
0.0 12.390504 14.37395095827364 19.927340933142318 28.455247574677657 39.362244532951294 52.05290545803487 65.931804 84.18174418371206 110.10576451062039 143.28879034567268 183.31574705381666 229.77156 294.25572776713045 384.0689373171686 492.3478965836415
0.0 4.42518 4.489019720194474 4.680647465125105 5.0002261113127044 5.447918535278079 6.023887613542044 6.728296222625407 7.561307239048981 8.523083539333573 9.613788 11.938768990939966 16.375101476142298 22.580538223273482 30.212832 42.122369993020115
1.0 10.2565 13.913835321837182 18.34500596551154 23.431698948267307 29.05560128734872 35.0984 41.96342033962405 49.89087833381317 58.51779716109571 67.4812 76.73995144116815 86.54680693889043 96.97962596716751 108.11626799999999 120.21978368450631
1.0 3.823896 6.495630848799731 8.996107855553078 11.30165014715491 13.388580850500094 15.233223092483504 16.8119 17.986555695870457 18.829010028513764 19.630399713221845 20.681861465286616 22.274532 26.37960855670869 34.143379792764065 44.6196195504651
1.0 2.270016 2.7134840659190784 3.3300659577572347 4.088386616635852 4.957070983676312 5.904744 6.947246893717384 8.157788135545234 9.591043530514394 11.301688883655702 13.3444 16.031292065256807 19.60189176488035 24.00199215351853 29.177386285819264
1.0 5.398044 10.136272973470758 14.589453854500364 18.725036820378453 22.51047204839466 25.913209715838637 28.9007 31.217929648375975 32.96363312318797 34.63588217381199 36.73274854962401 39.752304 45.53031264840559 54.991927820276764 67.26930506794515
1.0 5.5737 9.046742991188005 12.572828973564006 16.14905346034601 19.77251196475201 23.4403 26.824759652836516 30.044307769155736 33.76515200089708 38.6535 46.522927731489446 57.71918451720834 70.70673804432306 83.950056 96.98305845493398
0.0 7.5464519999999995 9.665752939450218 13.920531671867247 19.661733568350655 26.240304 34.70317299348055 46.14370749301597 59.982508246043395 75.640176 93.62057058674533 116.19526106000161 145.436412 188.33416953077057 247.94873326146563 320.45734799999997
0.0 15.734724 21.638818844091972 27.7134165322759 33.94710479841385 40.32847137636786 46.846104 52.70979674719232 58.21909043475433 64.99719290493917 74.667312 94.73862855685293 128.52721513002462 171.36661713818398 218.59037999999998 271.3639671791294
1.0 11.0595 14.34052087000551 17.52015285112213 20.5933 23.400670850487295 26.111748755435556 29.2146 32.780294441174426 37.6461 46.21659189057294 58.83479784021706 74.04576 94.26082082710468 118.581312 145.00787607491972
1.0 7.0299000000000005 8.192990163597178 9.921598769592476 12.076807990791536 14.5197 17.356187350423046 20.85967214031308 25.142470860046572 30.3169 37.37877780121608 46.885281926750665 58.290768 72.36040758132299 89.99952743715339 110.872716
1.0 3.8325 4.9648811930669225 6.288128592274357 7.78244623532461 9.428038159919993 11.205108403762814 13.093861004555379 15.0745 17.072973000719546 19.132977595185093 21.41134278787128 24.06489758325274 27.250470985804107 31.124892 37.834771939541604
0.0 16.748124 24.2260083663542 32.57103109906259 41.67931004859387 51.44696306541678 61.770108 71.67510592409931 81.81546328731187 94.52801600686851 112.14959999999999 146.09744558425936 202.0208942890291 273.60494884928426 354.534612 450.7646919449616
1.0 9.2053 12.73894127272695 16.686070375756547 21.004349054543713 25.651439054543392 30.585002121210515 35.7627 41.034375241742396 46.52845388522438 52.62047290783518 59.68596928696399 68.10048 79.62534769913415 94.82120157045917 112.26250839221714
1.0 4.364376 5.99466497009332 8.005543753582186 10.32951966027996 12.8991 16.223567039610224 20.28314377945831 24.216748629577243 27.1633 28.819212582397853 30.095304653294146 31.9521 36.31051138963008 42.64459639233946 48.244596
0.0 13.424172 15.282926016180298 20.295049376480783 27.614334048540883 36.394572 50.48307416042587 72.56378084743059 100.04542811072001 130.336752 163.62512383891772 205.08206664305055 259.592544 346.8422585552973 468.893438557778 604.195836
0.0 1.72278 1.845294427980114 2.1862584839403416 2.705803325910512 3.3640601119204554 4.12116 5.269468477222061 7.062869114134541 9.40377019397975 12.19458 15.80619442586967 20.747510205463914 27.127936882326196 35.056884 46.437739618093396
0.0 7.114068 8.05513258315793 10.70825646947379 14.818334864210684 20.13026297263172 26.388936 37.30967877670379 55.63004018261385 79.62825149721698 107.582544 143.87165540348943 192.67048255260318 251.9514954254154 319.687164 400.08287024402927
0.0 13.768728 17.312163805769107 22.561114278204876 28.942704 36.85894590595913 47.05357789589224 59.466312 75.56832078914192 97.293156 126.06429760397602 163.8178405314891 211.955988 285.1556776266513 379.187256 478.4775499621726
1.0 5.012952 8.198898280372239 11.216350348809025 13.948474077059688 16.278435336873567 18.0894 19.382953857102073 20.32807331272981 21.05901015946294 21.71001618988119 22.41534319656429 23.309242972091972 24.525967309043963 26.199768 30.20145023066634
1.0 4.891344 6.29195177681993 8.510498663793118 11.376287262356342 14.71862017394638 18.3668 22.70465947024066 28.144796103544074 34.55965968507545 41.8217 50.343165379641796 60.56013506903526 72.3808052239111 85.71337199999999 101.74187576003715
0.0 10.093463999999999 14.131468184089117 19.793332552267348 26.771632028401015 34.75894153635646 43.447836 52.67954036105371 63.48049238003353 77.32108620899659 95.671716 128.25293001410233 179.76174121489692 244.13324080824304 315.30252 398.60706027226655
0.0 5.296704 5.937113127474172 7.722547607917349 10.449318088360524 13.913735215834695 17.912109637370854 22.240752 27.593941695148917 34.88824170682357 44.253388070923776 55.81911682334932 69.715164 90.48148336682098 121.27119633958714 160.13379042894277
0.0 12.417527999999999 14.779201793375972 18.16478492008527 22.247508 27.411544692738342 33.92626009893792 41.292671999999996 49.211551897547594 59.804111999999996 77.05129944373253 101.63732345272949 131.748756 172.22582649535985 224.26542 283.45901817924954
0.0 5.330484 6.649268688416167 8.83007166910978 11.639192815248503 14.842932 18.586679740071425 23.341306145076686 29.361330477543603 36.901272 48.32061673302636 64.76005755163467 84.645924 108.87048237217371 139.8576817812571 178.331376
0.0 4.0265759999999995 6.866623246988452 9.512387044908504 11.930125606464918 14.08609714436246 15.946559871305897 17.477771999999998 18.55207725403698 19.271825721545717 19.948285162035965 20.892723335017475 22.416408 33.387526210527234 59.51504603459814 96.37140675340544
0.0 4.499496 5.245874016778779 7.327646187025427 10.508769690605407 14.553201707384183 19.224899417227228 24.28782 30.65502953715259 39.411214516426405 50.577762727123925 64.17606195854763 80.22749999999999 102.42123883821769 133.66407982317207 172.80386978901754
0.0 13.356612 15.987360276152216 21.28878623640591 28.447797078456652 36.6513 46.99936446315004 60.9321735412119 78.14680484866783 98.340336 123.98790745480525 157.83803694643422 199.99786799999998 255.786955049724 329.55618853751116 419.959716
0.0 16.031988 18.415682582627323 25.01596506440743 35.00663354618753 47.56148612881485 61.854320913136604 77.058936 95.13600953855459 118.77358132956373 148.2364919512956 183.78958198201832 225.697692 283.48218508721936 363.6487628564172 461.93877368200555
0.0 2.6821319999999997 3.306920278848442 4.56076722436355 6.161472 8.403502116995428 11.556791737202843 15.30234 19.764887032578606 25.868724 34.71169231214833 47.01806073524985 63.107796 88.91455674438222 123.405096 160.72584644232214
1.0 8.7089 10.73185859293948 13.825125778818435 17.77060366822765 22.35019437175791 27.3458 33.3169700096755 40.76783123167307 49.3971518378341 58.9037 69.5279922606142 81.75323703085574 95.64224028566942 111.257808 129.52557331396272
1.0 12.4757 15.967468970350723 19.46078031724352 22.95559156716662 26.45186024660825 29.949543882056634 33.4486 36.625904465711464 39.48158611551007 42.500481932452935 46.167428899597205 50.967264 58.8377684169671 70.56339257723997 84.89897732902926
0.0 1.547124 2.4951880000000006 3.573868 4.76298 5.998407695528638 7.384635391057275 9.15438 11.781179120050485 15.3699 19.642479682708604 25.127036105471074 32.712552 47.4418444137931 66.870888 84.86560698939024
0.0 4.6683959999999995 5.747803749886799 7.785810166364797 10.499656499660398 13.606584 17.33675406914608 22.241799017119142 28.521166456532633 36.374304 48.31642206818197 65.64814471434251 86.74704 113.06620891947502 146.97429053278643 188.22216
1.0 9.2272 13.625494865970296 17.941101264577554 22.175290230199664 26.329332797214512 30.4045 34.000760814204135 37.24743397241426 40.93981514441725 45.8732 53.80546535072198 65.12315368129038 78.56455917121359 92.867976 107.50386188416412
1.0 7.1467 8.777034524192228 10.535120239243344 12.408058692198345 14.382951430102233 16.4469 18.419927934100407 20.402872489358042 22.804055799936663 26.0318 31.52303527999686 39.86939839046468 50.211271305700166 61.689036 75.3638412968437
0.0 5.9452799999999995 6.745971746058559 9.012692254054054 12.542409428716216 17.13209117477477 22.57870539695946 28.67922 37.83872143222636 52.04531490262498 70.47049645691044 92.28576214079726 116.66260799999999 147.2468767256252 187.061497742357 234.34359719627616
0.0 4.76298 5.322056563841373 6.354909336910328 7.723427441524119 9.2895 11.163986169427183 13.616845958959809 16.748619769012528 20.659848 26.590837795870335 35.158589652900844 45.528684 58.14579035404293 74.30980488468386 94.469148
0.0 5.458848 6.372287765195896 8.932394181960204 12.86884793205784 17.911329697253734 23.789520159312815 30.2331 38.53097435762416 50.260542004164996 65.58422407189376 84.6644416930817 107.663616 143.1114289195065 196.99132808587055 265.6463831924815
0.0 14.194355999999999 16.662565476275592 22.129418436734923 29.646647178826782 38.265983999999996 49.826594521108014 65.82268509642454 84.7885491235288 105.25847999999999 126.38637053467191 151.32966144688976 184.627968 237.06501761212874 312.89724891669835 406.873344
1.0 4.18872 7.483761281390729 11.068750039844277 14.917467283146307 19.00369401908249 23.301211255438503 27.7838 32.52868956005862 37.61541087866449 43.021197417241055 48.72328263721175 54.6989 60.999182532921246 67.6840134531579 74.74375150693395
1.0 11.2201 12.00934911640304 13.882056542186692 16.626893810394584 20.03253245407035 23.887644006257613 27.980900000000002 33.155894059498465 40.053655867853976 48.159011046460265 56.95678521671104 65.931804 75.40826777833358 85.83741209867358 96.89461532984679
0.0 4.972416 6.077611601835406 9.099803765506216 13.598900528259321 19.13480992734162 25.26744 33.06180055099471 44.0350853807905 58.42547852019105 76.471164 104.53119191970048 146.41612579225355 198.54141976867984 257.322528 326.1527464460191
1.0 2.709156 3.527296809722993 4.888335325927981 6.644415179168979 8.64768 11.091230038329803 14.239268254068776 18.05059234277336 22.484 28.138737143021324 35.376552948260525 43.8 53.54943889637638 65.27618432403028 79.34922
0.0 10.802844 12.70421217399079 17.96638055677053 25.926444939550265 35.921501113541055 47.288644869953956 59.364972 73.97763803207383 93.23509911950188 116.89640199089303 144.72059337485615 176.46672 215.75848673142096 265.90990456793804 326.2154794387447
1.0 8.5921 12.26428192584964 15.900151802265706 19.49914577754892 23.0607 26.25972214111756 29.20582931417822 32.550521830149776 36.9453 43.462432224258635 52.630025937109146 64.28334 80.72637583548634 103.09793932093231 129.48549599999998
1.0 8.6286 11.99433298512748 15.007521293673276 17.548673955382437 19.4983 20.73853892282602 21.57421304821595 22.5198556494979 24.09 28.462344707753175 36.31214387135864 45.900264 57.92337693119347 73.62906223068435 92.104548
1.0 13.14 18.280271764595465 22.947115293786393 27.033802940679585 30.433607058381853 33.0398 34.93836694444446 36.43861704724019 37.76880862641583 39.1572 40.51680584208276 41.7757182020894 43.18481146105134 44.99496 47.77904592163518
0.0 2.824008 3.384530162648089 4.506700487944264 6.060016531916396 7.913975850592353 9.938076 12.279396789135866 15.30216935424619 19.20161824223342 24.172968 32.07932559437921 43.96245021005416 58.78554472070202 75.51181199999999 94.4628443849186
1.0 12.4392 16.918530222133704 21.057409759023205 24.794509416401105 28.0685 31.266780560049213 34.396505178177634 36.825977207217235 37.9235 38.062399320522516 38.134588446201704 38.286252 47.26865827354769 67.43955723008739 89.354856
1.0 2.0268 2.5223528657061904 3.797495263785234 5.659227229011185 7.91454879615809 10.37046 13.540107050316422 17.863607767063026 23.03841960027812 28.762 35.13721706453889 42.60539500578231 51.37167544413459 61.6412 74.19288152355665
1.0 13.8919 17.418866949436694 20.556907698497856 23.154694598310087 25.0609 26.20976056931681 26.95948108184054 27.794686053443996 29.2 33.12910359275991 40.199861003748794 48.893172 59.758548402706786 74.15857744237346 91.793772
1.0 5.343996 6.882225051807315 8.733631822088608 10.851024466466244 13.187211140562589 15.695 18.494903380568907 21.69619134420168 25.234808635733614 29.0467 33.13803709034437 37.61944625867294 42.58355429766504 48.122988 54.55656357984721
1.0 9.9718 14.612587731538271 18.664992284102063 21.69595069461482 23.2724 23.770854304229147 24.028171046148508 24.301802264993615 24.8492 28.170644992794113 34.835475981477856 42.204732 49.2848818697459 57.38427782076448 67.316784
0.0 7.945056 8.110467215404773 8.58967428929528 9.35713736318578 10.387316578590553 11.654672077023871 13.133664 16.00747569436332 21.260953904187204 28.571053866829423 37.61473081964777 48.06894 62.71564992215936 84.03173075859193 111.23649023394483
0.0 3.155052 3.6058210635377614 4.842971836100697 6.693769690613282 8.985479999999999 13.265910328633495 20.236791105401252 28.456272 37.41564571409124 48.63653664368482 63.722592 87.57950167391407 122.57750215702183 166.51706056161862 217.198644
1.0 8.6213 10.639487730739372 13.884886572589853 17.8996 23.828453305617032 31.442414247896615 38.2228 42.842973581349014 47.734700000000004 54.44915969323977 63.02431168247531 74.30924399999999 92.55053487121342 117.493596 147.84247079731637
1.0 24.7908 30.785292003206234 38.80915934295203 48.497560681094704 59.485654679491596 71.4086 85.99858549957044 103.83354579667116 122.81725819543632 140.8535 157.94310635613758 175.02669134085926 191.4177006551513 206.42958 218.7864827516561
0.0 1.661976 2.292213550099112 3.3319926502973356 4.693743775446003 6.289897400396448 8.032884 10.12828774601835 12.784884077501719 15.919890370234228 19.450523999999998 23.691427260288947 28.819655832614302 34.54604717479518 40.58143874465071 46.636668
0.0 4.465716 5.104420213069306 6.806243234851484 9.249750639207921 12.113508 16.28421552046347 22.47449119093889 30.10177726594486 38.583515999999996 48.01383098538194 59.79554120515103 75.309132 101.13574639585879 136.982693549971 173.91970799999999
0.0 13.998432 18.19433298738438 24.782608641435424 32.894964 43.33163261129245 57.028970851404694 73.322868 93.5555540573604 119.824416 152.48014450169046 193.7246609145255 246.803436 329.0265055285001 436.613256 555.9008567548083
0.0 1.65522 1.747681045279283 1.9991817874114215 2.3708986358378494 2.824008 3.555869091316804 4.743343232515501 6.31686 8.55799250358048 11.83294240345257 16.199082101598375 21.713784 30.203299808221757 43.17232468940112 60.19589622587993
1.0 0.94584 1.5811346660852394 2.2755184750276207 3.026688 3.8058502471847007 4.6258020851142065 5.54662488048661 6.6284 7.7959923562096405 9.133359546075793 10.93922196290405 13.5123 20.660957285155405 32.6871830292008 44.630136
1.0 10.3003 10.820507764940205 12.296767015509268 14.602531685329877 17.611255708024714 21.19639301721646 25.231397546527802 29.589723229581423 34.144824 40.20102199250889 48.59953558672805 58.51916308362212 69.13870278415573 79.63695298929348 89.192712
1.0 8.134224 12.242010992610652 16.47338381362841 20.82342072783196 25.2872 29.737430407157763 34.2274795463442 39.02341391235852 44.3913 50.03809515886256 55.80034746828716 62.138509517693464 69.51303389650123 78.38437319413018 89.21298
0.0 8.654436 9.775718032267294 12.925945436588677 17.784690174243387 24.031524206510678 31.346019494669804 39.407748 50.29871939885425 66.13083111535218 86.62848673242299 111.51608983299587 140.518044 179.8749160228136 234.6437599550053 302.7737102757902
1.0 3.067224 3.4731382944180473 4.577907043254141 6.212069044881211 8.206163097672189 10.390728 13.195198532724437 17.073770827377956 21.8941257083425 27.523944 34.61824242340796 43.77166752395661 54.761344862526954 67.3644 83.61718558055838
1.0 5.9182559999999995 7.981252728761038 10.478664852949775 13.344193012757996 16.51153784837748 19.9144 23.764019290174122 28.199930417443028 33.04827633599042 38.1352 43.19145465527285 48.443239225925694 54.45986518361569 61.810643999999996 71.5626503329783
0.0 4.83054 5.716399519299545 7.188384 9.338322468005913 12.368286587477275 16.065768 20.938319681623497 27.161146070195635 34.023216 41.17529460591477 49.210481670597304 58.831248 71.35091380199529 86.73645367260376 103.67081999999999
0.0 10.073196 11.155183641485184 14.05015337729383 18.23161542445556 23.17308 30.6472503831041 41.9594727761986 55.882221781193806 71.187972 88.13059474955855 108.94533503710699 135.37672799999999 172.09746933573277 221.73101399612096 282.948036
1.0 15.5563 19.04164988573592 23.324732990541087 28.279981152478292 33.78182620961034 39.7047 46.362714895986656 54.04879928625833 62.60560903340084 71.8758 82.23955451893814 93.88027818664561 106.3454617610303 119.182596 133.28986396500616
0.0 5.60748 6.7058192231797715 8.83632511302621 11.546004 15.233287939605372 20.40573221541672 26.774027999999998 35.17544218949661 46.663692 61.95085143700694 82.04686653723286 107.43391199999999 145.09355339779307 193.235112 245.20050686754888
1.0 11.2566 15.903755554162956 20.539518977767877 25.16384791248886 29.7767 34.47104618432454 39.21599028040119 43.82568923627724 48.1143 51.39657812053917 54.4262222519704 59.175804 72.85935565517511 96.27771369375179 121.783656
0.0 5.13456 6.180461467862902 7.735025580967741 9.673289903588708 11.870292 14.370306590954806 17.436269737814968 21.271211015767644 26.07816 33.46595740373566 43.93391123251491 56.020752 69.24243969889555 85.12404045908526 105.217944
0.0 15.477996 18.49920959375198 24.78260078125593 33.56101757188389 44.06730797500791 55.53432 69.2743484927151 87.2792764748568 109.80133421957008 137.092752 174.83677154579274 226.3393482327775 288.2867828033734 357.36537599999997 436.794773140423
0.0 2.864544 3.3289460776275623 4.518492155255124 6.127692 9.379812816395683 14.20454919900738 18.356052 20.631671471020656 23.396028 31.06014842939885 44.75418902980519 62.661899999999996 91.16963759656724 129.8841 170.9317484891069
1.0 10.1105 13.553137250712993 17.79803222046339 22.738225444759237 28.266757459108593 34.276668799019504 40.661 47.73355391220857 55.818774244604114 64.82566282089536 74.66322146479109 85.240452 97.38584672273153 111.39164574167242 126.3624725992476
