1.0 12.4392 16.918530222133704 21.057409759023205 24.794509416401105 28.0685 31.266780560049213 34.396505178177634 36.825977207217235
1.0 5.398044 10.136272973470758 14.589453854500364 18.725036820378453 22.51047204839466 25.913209715838637 28.9007 31.217929648375975
1.0 3.290172 5.038757547650989 6.958733627069302 9.032385892952965 11.242 13.450256403370481 15.742293496459887 18.43408384131935
0.0 7.5464519999999995 9.665752939450218 13.920531671867247 19.661733568350655 26.240304 34.70317299348055 46.14370749301597 59.982508246043395
0.0 13.424172 15.282926016180298 20.295049376480783 27.614334048540883 36.394572 50.48307416042587 72.56378084743059 100.04542811072001
1.0 9.2272 13.625494865970296 17.941101264577554 22.175290230199664 26.329332797214512 30.4045 34.000760814204135 37.24743397241426
1.0 10.1105 13.553137250712993 17.79803222046339 22.738225444759237 28.266757459108593 34.276668799019504 40.661 47.73355391220857
0.0 12.951252 13.845763459574666 16.3337505373056 20.1218922817032 24.916867741277866 30.42535596454 36.354036 43.523517394573375
1.0 10.7967 15.600277066342759 20.091671194115015 24.225741467341813 27.957346970048206 31.241346786259257 34.0326 36.13307720380291
0.0 4.83054 5.997915498980663 7.664011830615098 9.712157246941985 12.02568 14.56034435178283 17.590166099317738 21.47585079719378
1.0 9.2053 12.73894127272695 16.686070375756547 21.004349054543713 25.651439054543392 30.585002121210515 35.7627 41.034375241742396
0.0 4.6683959999999995 5.747803749886799 7.785810166364797 10.499656499660398 13.606584 17.33675406914608 22.241799017119142 28.521166456532633
1.0 4.7292 8.09734996305555 11.204249901481464 14.001224889166647 16.4396 18.32737507761308 19.836716676597824 21.465199937283657
0.0 7.945056 8.110467215404773 8.58967428929528 9.35713736318578 10.387316578590553 11.654672077023871 13.133664 16.00747569436332
0.0 1.8646559999999999 2.546995599060898 4.052816531455129 5.992572 9.022229294072881 13.264914718661784 17.53182 20.919516601059517
1.0 7.0299000000000005 8.192990163597178 9.921598769592476 12.076807990791536 14.5197 17.356187350423046 20.85967214031308 25.142470860046572
0.0 8.255832 10.044270620353647 13.657250654276393 18.538671361060942 24.132431999999998 31.05498253748774 40.33661907518675 52.042010075292396
0.0 10.093463999999999 14.131468184089117 19.793332552267348 26.771632028401015 34.75894153635646 43.447836 52.67954036105371 63.48049238003353
1.0 2.93886 4.1049790613970645 5.617915900571904 7.3876 9.720383569234471 12.490055433771241 14.9577 16.71712714331408
1.0 11.0595 14.34052087000551 17.52015285112213 20.5933 23.400670850487295 26.111748755435556 29.2146 32.780294441174426
1.0 8.8914 11.329110362407796 14.444098502593365 18.0675 22.580101081258842 27.938844360852173 33.3391 38.265293759947255
1.0 13.14 18.280271764595465 22.947115293786393 27.033802940679585 30.433607058381853 33.0398 34.93836694444446 36.43861704724019
0.0 4.972416 6.077611601835406 9.099803765506216 13.598900528259321 19.13480992734162 25.26744 33.06180055099471 44.0350853807905
1.0 6.1174 8.927683323170966 11.927549969512892 15.09907495426934 18.424333292683862 21.8854 25.29477752063715 28.771727491517595
1.0 8.7089 10.73185859293948 13.825125778818435 17.77060366822765 22.35019437175791 27.3458 33.3169700096755 40.76783123167307
0.0 4.465716 5.104420213069306 6.806243234851484 9.249750639207921 12.113508 16.28421552046347 22.47449119093889 30.10177726594486
1.0 24.7908 30.785292003206234 38.80915934295203 48.497560681094704 59.485654679491596 71.4086 85.99858549957044 103.83354579667116
1.0 1.661976 2.211050208168571 2.900156060078821 3.710058760473919 4.621523514097035 5.61531552569134 6.6722 7.797608203880838
1.0 8.5921 12.26428192584964 15.900151802265706 19.49914577754892 23.0607 26.25972214111756 29.20582931417822 32.550521830149776
1.0 3.823896 6.495630848799731 8.996107855553078 11.30165014715491 13.388580850500094 15.233223092483504 16.8119 17.986555695870457
0.0 4.215744 6.265120222982215 8.832869261285909 11.823168668946646 15.140196 18.558356693947886 22.36578770643286 27.237263865701397
1.0 10.2565 13.913835321837182 18.34500596551154 23.431698948267307 29.05560128734872 35.0984 41.96342033962405 49.89087833381317
0.0 8.654436 9.775718032267294 12.925945436588677 17.784690174243387 24.031524206510678 31.346019494669804 39.407748 50.29871939885425
0.0 13.356612 15.987360276152216 21.28878623640591 28.447797078456652 36.6513 46.99936446315004 60.9321735412119 78.14680484866783
0.0 3.85092 5.352398403967092 7.55619091057891 10.292215961901274 13.390392 16.95552537815991 21.330639662917577 26.702979116216454
0.0 3.7157999999999998 4.545919343064264 6.735104581504702 9.83159652919279 13.383636 17.91662349996149 24.269468829573377 32.46067674439858
0.0 2.6821319999999997 3.306920278848442 4.56076722436355 6.161472 8.403502116995428 11.556791737202843 15.30234 19.764887032578606
0.0 5.9452799999999995 6.745971746058559 9.012692254054054 12.542409428716216 17.13209117477477 22.57870539695946 28.67922 37.83872143222636
1.0 12.5706 16.009065393483713 19.693297453634084 23.6009 27.620986560261475 31.90923596764074 36.8431 42.94353536861204
1.0 13.3809 18.600282615676388 24.072614513695815 29.777145103877054 35.693123796038854 41.7998 47.7769545284595 53.79703731275826
0.0 16.031988 18.415682582627323 25.01596506440743 35.00663354618753 47.56148612881485 61.854320913136604 77.058936 95.13600953855459
1.0 2.270016 2.7134840659190784 3.3300659577572347 4.088386616635852 4.957070983676312 5.904744 6.947246893717384 8.157788135545234
1.0 12.4757 15.967468970350723 19.46078031724352 22.95559156716662 26.45186024660825 29.949543882056634 33.4486 36.625904465711464
0.0 10.802844 12.70421217399079 17.96638055677053 25.926444939550265 35.921501113541055 47.288644869953956 59.364972 73.97763803207383
1.0 11.2566 15.903755554162956 20.539518977767877 25.16384791248886 29.7767 34.47104618432454 39.21599028040119 43.82568923627724
1.0 7.8329 9.843295983305959 13.176618455482556 17.473481699917876 22.3745 28.725904210980268 37.044252306912476 46.47564924938845
1.0 11.2566 15.738155337931651 20.28549506926007 24.895829297558176 29.566368126398917 34.29432165935522 39.0769 43.55410269343481
1.0 4.891344 6.29195177681993 8.510498663793118 11.376287262356342 14.71862017394638 18.3668 22.70465947024066 28.144796103544074
1.0 7.5701 11.284806879186824 15.033803970893802 18.81541762300737 22.62797418341396 26.4698 30.010794195867827 33.36629029500962
0.0 9.1206 9.620939905431936 10.937330747818496 12.79789621629581 14.93076 17.68365618696052 21.54484299419839 26.453230304337065
1.0 10.5777 14.249122777908065 18.588177407754845 23.491793333724203 28.8569 34.93097557796316 41.86057302341145 49.391233957154014
1.0 8.134224 12.242010992610652 16.47338381362841 20.82342072783196 25.2872 29.737430407157763 34.2274795463442 39.02341391235852
1.0 4.18872 7.483761281390729 11.068750039844277 14.917467283146307 19.00369401908249 23.301211255438503 27.7838 32.52868956005862
1.0 2.80374 3.9749687439088346 5.109120603680924 6.207347021384639 7.270799439088353 8.300629298860443 9.297988042769276 10.264027112883234
1.0 11.2201 12.00934911640304 13.882056542186692 16.626893810394584 20.03253245407035 23.887644006257613 27.980900000000002 33.155894059498465
1.0 7.1467 8.777034524192228 10.535120239243344 12.408058692198345 14.382951430102233 16.4469 18.419927934100407 20.402872489358042
0.0 5.13456 6.180461467862902 7.735025580967741 9.673289903588708 11.870292 14.370306590954806 17.436269737814968 21.271211015767644
1.0 7.738 11.652185181775994 15.7695110059256 20.075541436135808 24.555840436093614 29.195971969486017 33.9815 38.72270955234197
0.0 4.76298 5.322056563841373 6.354909336910328 7.723427441524119 9.2895 11.163986169427183 13.616845958959809 16.748619769012528
1.0 1.4381 1.670256311928744 2.293720831809984 3.1989869357862313 4.276548 6.066942662904655 8.721877990444842 11.5486
0.0 4.83054 5.716399519299545 7.188384 9.338322468005913 12.368286587477275 16.065768 20.938319681623497 27.161146070195635
1.0 5.012952 8.198898280372239 11.216350348809025 13.948474077059688 16.278435336873567 18.0894 19.382953857102073 20.32807331272981
1.0 2.0268 2.5223528657061904 3.797495263785234 5.659227229011185 7.91454879615809 10.37046 13.540107050316422 17.863607767063026
1.0 9.271 13.722272434199441 19.092533757287768 25.1923 33.15301717762015 42.22220721339417 49.3845 53.15927716820251
0.0 14.194355999999999 16.662565476275592 22.129418436734923 29.646647178826782 38.265983999999996 49.826594521108014 65.82268509642454 84.7885491235288
0.0 0.952596 1.093152920919849 1.4811134557862637 2.065912262759547 2.796984 4.217177821177357 6.5837762500697306 9.417864
1.0 3.067224 3.4731382944180473 4.577907043254141 6.212069044881211 8.206163097672189 10.390728 13.195198532724437 17.073770827377956
1.0 15.5563 19.04164988573592 23.324732990541087 28.279981152478292 33.78182620961034 39.7047 46.362714895986656 54.04879928625833
0.0 15.734724 21.638818844091972 27.7134165322759 33.94710479841385 40.32847137636786 46.846104 52.70979674719232 58.21909043475433
0.0 1.547124 2.4951880000000006 3.573868 4.76298 5.998407695528638 7.384635391057275 9.15438 11.781179120050485
1.0 9.5776 14.537235384436697 19.184898975651972 23.479939003230882 27.38170369675848 30.84954128581984 33.8428 36.11761165520138
0.0 9.566495999999999 12.704538575757576 18.11476953535354 25.162363727272727 33.212496 42.81817003717503 55.20577383650715 70.7505587175857
1.0 5.9182559999999995 7.981252728761038 10.478664852949775 13.344193012757996 16.51153784837748 19.9144 23.764019290174122 28.199930417443028
1.0 4.01982 5.114927728313962 7.174914791210737 10.022253369259026 13.479415643027533 17.36887379308496 21.5131 26.42848567392733
0.0 4.499496 5.245874016778779 7.327646187025427 10.508769690605407 14.553201707384183 19.224899417227228 24.28782 30.65502953715259
0.0 9.857004 11.532441980744505 16.215741271715743 23.392379896020312 32.547835876764815 43.16758723705585 54.737111999999996 69.55329955929635
0.0 3.999552 5.119700720109941 6.800597440219882 8.85036 11.278997598026848 14.46026535638351 18.7479 26.686932503086123
1.0 5.972304 8.554662236957046 11.647194721898911 15.185693097749866 19.105949007434184 23.34375409387614 27.8349 32.71209077791023
0.0 4.0265759999999995 6.866623246988452 9.512387044908504 11.930125606464918 14.08609714436246 15.946559871305897 17.477771999999998 18.55207725403698
0.0 1.65522 1.747681045279283 1.9991817874114215 2.3708986358378494 2.824008 3.555869091316804 4.743343232515501 6.31686
0.0 15.788772 19.585448635502726 26.66963352800727 36.07772065650818 46.846104 60.15456252138978 77.75118327972062 99.52482239819116
0.0 15.363144 18.826046472887086 24.792911594365556 32.56443291866125 41.441304 52.05766015028316 65.75613725615288 82.90017973394615
0.0 0.749916 0.9017943904502987 1.3114390412007966 1.9098641713508961 2.628084 3.729831453935443 5.4541642961386145 7.695084
0.0 14.3565 19.65360900759907 27.2560450227972 36.717529734195786 47.591784830396264 59.432532 72.69789601272055 88.64838326474894
1.0 13.8919 17.418866949436694 20.556907698497856 23.154694598310087 25.0609 26.20976056931681 26.95948108184054 27.794686053443996
0.0 1.72278 1.845294427980114 2.1862584839403416 2.705803325910512 3.3640601119204554 4.12116 5.269468477222061 7.062869114134541
0.0 7.114068 8.05513258315793 10.70825646947379 14.818334864210684 20.13026297263172 26.388936 37.30967877670379 55.63004018261385
1.0 8.6286 11.99433298512748 15.007521293673276 17.548673955382437 19.4983 20.73853892282602 21.57421304821595 22.5198556494979
1.0 9.2783 13.546932803643779 18.04850347638341 22.767622410931335 27.6889 32.3048673015437 36.81887975688335 42.28178433378133
1.0 0.94584 1.5811346660852394 2.2755184750276207 3.026688 3.8058502471847007 4.6258020851142065 5.54662488048661 6.6284
0.0 12.390504 14.37395095827364 19.927340933142318 28.455247574677657 39.362244532951294 52.05290545803487 65.931804 84.18174418371206
0.0 5.492628 6.811051671196772 8.851616675726875 11.356836 14.736233101517412 19.095258549958466 23.720316 28.035545139854687
0.0 15.477996 18.49920959375198 24.78260078125593 33.56101757188389 44.06730797500791 55.53432 69.2743484927151 87.2792764748568
1.0 12.755328 18.14911781305741 24.178219816591003 30.7987 38.09166005417676 46.091085541324915 54.682368257810616 63.7509
1.0 8.6213 10.639487730739372 13.884886572589853 17.8996 23.828453305617032 31.442414247896615 38.2228 42.842973581349014
1.0 5.9933 7.867254532975379 10.12639394794546 12.721548223521596 15.603547338315156 18.723221270937504 22.0314 25.520069828620297
1.0 12.848 16.685947644641196 20.84470150527606 25.295912626516984 30.011232052976354 34.96231082926657 40.1208 45.15913899891329
1.0 5.87772 7.912059600941138 10.581634757437829 13.7167 17.799955919169047 22.68819286338372 27.2728 30.975765783621583
0.0 12.417527999999999 14.779201793375972 18.16478492008527 22.247508 27.411544692738342 33.92626009893792 41.292671999999996 49.211551897547594
1.0 9.9718 14.612587731538271 18.664992284102063 21.69595069461482 23.2724 23.770854304229147 24.028171046148508 24.301802264993615
1.0 5.5737 9.046742991188005 12.572828973564006 16.14905346034601 19.77251196475201 23.4403 26.824759652836516 30.044307769155736
1.0 5.2779 6.482351201033025 7.74678926068466 9.06742950664088 10.440487266587663 11.86217786821099 13.328716639196836 14.836318907231178
0.0 12.174312 14.617025751479293 18.924395502958582 24.335112 31.578754100396726 41.448361455231314 53.277816 68.79656323855635
1.0 3.8325 4.9648811930669225 6.288128592274357 7.78244623532461 9.428038159919993 11.205108403762814 13.093861004555379 15.0745
0.0 3.155052 3.6058210635377614 4.842971836100697 6.693769690613282 8.985479999999999 13.265910328633495 20.236791105401252 28.456272
0.0 11.289276 14.956694146611184 21.847886439833555 31.230560859750327 42.37242538644473 54.541188 68.77241026050058 87.03982971098816
0.0 1.8646559999999999 2.533295709817562 3.621515726180165 5.016983879452685 6.607368 8.440562437433785 10.75022945218376 13.702688740841852
1.0 6.1174 7.8215124587437375 9.788960556649966 11.982878376231213 14.3664 16.89737314623635 19.67177283659687 22.859924108658955
1.0 7.4606 8.131479729203841 9.980151187611517 12.760662781417278 16.22706291681536 20.1334 26.1249932726183 35.08338536783946
0.0 7.586988 9.92483100967381 13.382940525796828 17.68758677902143 22.56504 28.291877176379117 35.384194355271305 43.92754035652784
1.0 4.93188 6.214201422876509 7.966207127670693 10.090654268629532 12.4903 15.230151017312945 18.475520158348488 22.279623790727566
0.0 10.073196 11.155183641485184 14.05015337729383 18.23161542445556 23.17308 30.6472503831041 41.9594727761986 55.882221781193806
0.0 2.864544 3.3289460776275623 4.518492155255124 6.127692 9.379812816395683 14.20454919900738 18.356052 20.631671471020656
1.0 1.5741479999999999 1.9442312590140554 2.850250453087401 4.187066253221353 5.849539330417226 7.732530355676338 9.7309 12.125963608806654
0.0 4.42518 4.489019720194474 4.680647465125105 5.0002261113127044 5.447918535278079 6.023887613542044 6.728296222625407 7.561307239048981
0.0 5.904744 7.0485584297950306 10.156365689385083 14.742711734077627 20.322142519180115 26.409204 33.82843109090909 43.90508076197652
0.0 5.296704 5.937113127474172 7.722547607917349 10.449318088360524 13.913735215834695 17.912109637370854 22.240752 27.593941695148917
0.0 8.24232 11.370215913183891 15.076224768490373 19.270249239551674 23.862192 28.505610705422644 33.5162024181078 39.79707892173906
1.0 7.7234 10.936688414133956 14.19530501007714 17.497352127232446 20.84093210500276 24.224147282790987 27.6451 30.80124103322429
0.0 2.756448 3.166007982562454 4.312929067687362 6.074572961531041 8.328301370249816 10.951476 15.091649562013226 21.78037752305061
0.0 5.330484 6.649268688416167 8.83007166910978 11.639192815248503 14.842932 18.586679740071425 23.341306145076686 29.361330477543603
1.0 1.3724 1.6443482119330428 2.37732856515478 3.447044635799128 4.7292 6.780687122664401 9.92981233220184 13.7094
0.0 13.768728 17.312163805769107 22.561114278204876 28.942704 36.85894590595913 47.05357789589224 59.466312 75.56832078914192
1.0 5.343996 6.882225051807315 8.733631822088608 10.851024466466244 13.187211140562589 15.695 18.494903380568907 21.69619134420168
0.0 16.748124 24.2260083663542 32.57103109906259 41.67931004859387 51.44696306541678 61.770108 71.67510592409931 81.81546328731187
0.0 5.316972 7.335882614530776 10.325775638748738 14.049079843592331 18.268224 23.148935037434747 29.163906710656807 36.536018028550465
0.0 4.722444 5.161062301158302 6.319972803088804 7.963758903474904 9.857004 12.426344739406098 16.091000911260533 20.604430627484703
1.0 10.3003 10.820507764940205 12.296767015509268 14.602531685329877 17.611255708024714 21.19639301721646 25.231397546527802 29.589723229581423
0.0 5.60748 6.7058192231797715 8.83632511302621 11.546004 15.233287939605372 20.40573221541672 26.774027999999998 35.17544218949661
0.0 2.824008 3.384530162648089 4.506700487944264 6.060016531916396 7.913975850592353 9.938076 12.279396789135866 15.30216935424619
0.0 13.998432 18.19433298738438 24.782608641435424 32.894964 43.33163261129245 57.028970851404694 73.322868 93.5555540573604
1.0 2.709156 3.527296809722993 4.888335325927981 6.644415179168979 8.64768 11.091230038329803 14.239268254068776 18.05059234277336
0.0 1.661976 2.292213550099112 3.3319926502973356 4.693743775446003 6.289897400396448 8.032884 10.12828774601835 12.784884077501719
0.0 5.458848 6.372287765195896 8.932394181960204 12.86884793205784 17.911329697253734 23.789520159312815 30.2331 38.53097435762416
1.0 4.364376 5.99466497009332 8.005543753582186 10.32951966027996 12.8991 16.223567039610224 20.28314377945831 24.216748629577243
0.0 7.7491319999999995 8.998009785066488 12.504915312212763 17.910256839359036 24.854442624425523 32.97788092533244 41.92098 53.8667354042097
0.0 4.59408 5.416783890168415 7.417672540449107 10.212598920505245 13.417416 17.419673020469737 22.943846968817514 30.11118243275653
